public/config/2021010700.json
{"header": {"discipline":0,"disciplineName":"Meteorological products","gribEdition":2,"gribLength":77339,"center":7,"centerName":"US National Weather Service - NCEP(WMC)","subcenter":0,"refTime":"2021-01-07T00:00:00.000Z","significanceOfRT":1,"significanceOfRTName":"Start of forecast","productStatus":0,"productStatusName":"Operational products","productType":1,"productTypeName":"Forecast products","productDefinitionTemplate":0,"productDefinitionTemplateName":"Analysis/forecast at horizontal level/layer at a point in time","parameterCategory":2,"parameterCategoryName":"Momentum","parameterNumber":2,"parameterNumberName":"U-component_of_wind","parameterUnit":"m.s-1","genProcessType":2,"genProcessTypeName":"Forecast","forecastTime":0,"surface1Type":103,"surface1TypeName":"Specified height level above ground","surface1Value":10.0,"surface2Type":255,"surface2TypeName":"Missing","surface2Value":0.0,"gridDefinitionTemplate":0,"gridDefinitionTemplateName":"Latitude_Longitude","numberPoints":65160,"shape":6,"shapeName":"Earth spherical with radius of 6,371,229.0 m","gridUnits":"degrees","resolution":48,"winds":"true","scanMode":0,"nx":360,"ny":181,"basicAngle":0,"lo1":0.0,"la1":90.0,"lo2":359.0,"la2":-90.0,"dx":1.0,"dy":1.0}, "data":
[rows 0 to 25 of 181, columns 174 to 231 of 360]
-3.4119642,-3.3819642,-3.351964,-3.321964,-3.281964,-3.251964,-3.2119641,-3.1719642,-3.1419642,-3.101964,-3.061964,-3.021964,-2.981964,-2.9319642,-2.8919642,-2.851964,-2.801964,-2.761964,-2.7119641,-2.6619642,-2.6119642,-2.561964,-2.511964,-2.4619641,-2.4119642,-2.3619642,-2.311964,-2.251964,-2.2019641,-2.1419642,-2.091964,-2.031964,-1.9719641,-1.9219642,-1.8619641,-1.8019642,-1.7419641,-1.6819642,-1.6219641,-1.5619642,-1.5019641,-1.4419641,-1.3819641,-1.3119642,-1.2519641,-1.1919641,-1.1219641,-1.0619642,-1.0019641,-0.9319641,-0.8719641,-0.8019641,-0.7319641,-0.6719641,-0.6019641,-0.5419641,-0.47196412,-0.4019641
-4.4919643,-4.471964,-4.461964,-4.441964,-4.421964,-4.401964,-4.371964,-4.351964,-4.3219643,-4.2819643,-4.251964,-4.211964,-4.181964,-4.141964,-4.101964,-4.0519643,-4.0119643,-3.9619641,-3.9119642,-3.851964,-3.811964,-3.751964,-3.7019641,-3.6419642,-3.591964,-3.531964,-3.4719641,-3.4019642,-3.341964,-3.281964,-3.2119641,-3.1519642,-3.081964,-3.021964,-2.9619641,-2.8919642,-2.831964,-2.761964,-2.6919641,-2.6119642,-2.551964,-2.481964,-2.4019642,-2.321964,-2.241964,-2.1619642,-2.071964,-1.9919641,-1.9019641,-1.8119642,-1.7219641,-1.6319641,-1.541964,-1.4519641,-1.3519641,-1.2619641,-1.1719642,-1.0819641
-4.921964,-4.931964,-4.921964,-4.901964,-4.881964,-4.851964,-4.8219643,-4.791964,-4.751964,-4.721964,-4.671964,-4.611964,-4.541964,-4.4919643,-4.411964,-4.351964,-4.271964,-4.201964,-4.131964,-4.061964,-3.991964,-3.9119642,-3.851964,-3.791964,-3.731964,-3.6619642,-3.6119642,-3.551964,-3.491964,-3.4319642,-3.3619642,-3.301964,-3.231964,-3.1619642,-3.091964,-3.031964,-2.9619641,-2.9019642,-2.831964,-2.761964,-2.6919641,-2.6219642,-2.551964,-2.481964,-2.4219642,-2.351964,-2.281964,-2.2119641,-2.1419642,-2.061964,-1.9919641,-1.9219642,-1.8419641,-1.7719641,-1.7019641,-1.6219641,-1.5519642,-1.4819641
-5.141964,-5.0519643,-4.951964,-4.871964,-4.811964,-4.751964,-4.721964,-4.701964,-4.641964,-4.561964,-4.5119643,-4.521964,-4.5319643,-4.5119643,-4.471964,-4.431964,-4.411964,-4.391964,-4.361964,-4.3419642,-4.311964,-4.2619643,-4.171964,-4.061964,-3.9719641,-3.9119642,-3.8619642,-3.801964,-3.731964,-3.6719642,-3.6119642,-3.551964,-3.501964,-3.4619641,-3.4319642,-3.4019642,-3.3819642,-3.3719642,-3.351964,-3.301964,-3.251964,-3.1919641,-3.1519642,-3.1119642,-3.071964,-3.011964,-2.9519641,-2.8819642,-2.811964,-2.731964,-2.6519642,-2.571964,-2.481964,-2.3919642,-2.311964,-2.231964,-2.1419642,-2.061964
-5.331964,-5.2819643,-5.211964,-5.141964,-5.061964,-5.0119643,-4.981964,-4.921964,-4.831964,-4.831964,-4.851964,-4.831964,-4.811964,-4.7819643,-4.771964,-4.711964,-4.641964,-4.651964,-4.671964,-4.661964,-4.661964,-4.621964,-4.611964,-4.611964,-4.611964,-4.581964,-4.541964,-4.501964,-4.441964,-4.421964,-4.421964,-4.401964,-4.401964,-4.381964,-4.351964,-4.3419642,-4.371964,-4.411964,-4.421964,-4.381964,-4.351964,-4.331964,-4.2819643,-4.231964,-4.201964,-4.181964,-4.151964,-4.0919642,-4.0119643,-3.9219642,-3.831964,-3.751964,-3.6719642,-3.561964,-3.481964,-3.3819642,-3.281964,-3.1719642
-5.401964,-5.5519643,-5.611964,-5.631964,-5.631964,-5.611964,-5.601964,-5.641964,-5.661964,-5.671964,-5.681964,-5.611964,-5.541964,-5.541964,-5.5519643,-5.561964,-5.4919643,-5.461964,-5.451964,-5.421964,-5.411964,-5.421964,-5.401964,-5.371964,-5.381964,-5.411964,-5.421964,-5.391964,-5.351964,-5.431964,-5.4919643,-5.501964,-5.471964,-5.371964,-5.311964,-5.3419642,-5.3419642,-5.351964,-5.381964,-5.431964,-5.431964,-5.401964,-5.371964,-5.361964,-5.311964,-5.251964,-5.191964,-5.121964,-5.0519643,-4.981964,-4.911964,-4.8419642,-4.7419643,-4.661964,-4.601964,-4.581964,-4.5319643,-4.431964
-5.951964,-5.971964,-5.961964,-5.941964,-5.861964,-5.861964,-5.8019643,-5.751964,-5.751964,-5.7819643,-5.811964,-5.8219643,-5.851964,-5.951964,-5.961964,-5.951964,-5.951964,-5.971964,-6.041964,-6.081964,-6.111964,-6.0919642,-6.151964,-6.231964,-6.3019643,-6.371964,-6.361964,-6.2819643,-6.211964,-6.171964,-6.0919642,-5.981964,-5.921964,-5.851964,-5.8419642,-5.861964,-5.8419642,-5.851964,-5.851964,-5.891964,-5.981964,-6.081964,-6.171964,-6.191964,-6.231964,-6.271964,-6.271964,-6.271964,-6.271964,-6.2619643,-6.2619643,-6.221964,-6.151964,-6.061964,-5.961964,-5.871964,-5.751964,-5.611964
-6.0119643,-6.171964,-6.311964,-6.451964,-6.501964,-6.481964,-6.481964,-6.5119643,-6.501964,-6.4919643,-6.481964,-6.471964,-6.461964,-6.411964,-6.351964,-6.311964,-6.221964,-6.211964,-6.0719643,-6.001964,-5.961964,-5.921964,-5.881964,-5.851964,-5.871964,-5.981964,-6.061964,-6.181964,-6.371964,-6.5119643,-6.641964,-6.791964,-6.871964,-6.881964,-6.931964,-6.901964,-6.8219643,-6.671964,-6.641964,-6.621964,-6.621964,-6.621964,-6.661964,-6.721964,-6.7819643,-6.851964,-6.951964,-7.041964,-7.0719643,-7.0719643,-7.0319643,-7.0119643,-6.971964,-6.911964,-6.8419642,-6.831964,-6.811964,-6.8019643
-6.061964,-6.141964,-6.271964,-6.481964,-6.751964,-6.881964,-6.921964,-6.941964,-6.871964,-6.8019643,-6.701964,-6.631964,-6.581964,-6.451964,-6.451964,-6.381964,-6.361964,-6.291964,-6.181964,-6.111964,-6.0719643,-6.0919642,-6.041964,-6.061964,-6.161964,-6.221964,-6.211964,-6.201964,-6.3419642,-6.471964,-6.4919643,-6.641964,-6.7819643,-6.901964,-7.0319643,-7.181964,-7.231964,-7.2419643,-7.331964,-7.421964,-7.351964,-7.331964,-7.351964,-7.3219643,-7.351964,-7.431964,-7.401964,-7.401964,-7.441964,-7.4919643,-7.5319643,-7.5519643,-7.561964,-7.5719643,-7.561964,-7.541964,-7.541964,-7.541964
-5.951964,-6.161964,-6.2619643,-6.181964,-6.131964,-6.221964,-6.391964,-6.521964,-6.521964,-6.581964,-6.661964,-6.8419642,-6.971964,-6.961964,-6.891964,-6.7619643,-6.791964,-6.691964,-6.611964,-6.461964,-6.381964,-6.331964,-6.181964,-6.181964,-6.0319643,-6.041964,-6.141964,-6.2619643,-6.231964,-6.211964,-6.191964,-6.2819643,-6.401964,-6.541964,-6.671964,-6.8219643,-6.981964,-7.0519643,-7.161964,-7.231964,-7.3219643,-7.351964,-7.401964,-7.391964,-7.461964,-7.501964,-7.501964,-7.5519643,-7.641964,-7.751964,-7.871964,-7.981964,-8.071964,-8.151964,-8.231964,-8.221964,-8.211964,-8.211964
-5.8019643,-5.8019643,-5.791964,-5.861964,-5.961964,-6.021964,-6.0119643,-5.751964,-5.381964,-5.181964,-5.231964,-5.581964,-6.171964,-6.731964,-7.0719643,-7.121964,-6.901964,-6.421964,-6.141964,-5.981964,-5.981964,-6.191964,-6.2419643,-6.081964,-5.9919643,-5.9919643,-6.041964,-6.041964,-6.101964,-6.2619643,-6.411964,-6.461964,-6.5919642,-6.7619643,-6.8419642,-6.921964,-7.0119643,-7.121964,-7.181964,-7.211964,-7.291964,-7.3419642,-7.411964,-7.411964,-7.411964,-7.381964,-7.421964,-7.5119643,-7.5519643,-7.671964,-7.7819643,-7.891964,-8.051964,-8.171964,-8.301964,-8.431964,-8.561964,-8.601964
-5.311964,-5.271964,-5.541964,-5.581964,-5.521964,-5.461964,-5.3019643,-5.101964,-5.0519643,-5.081964,-5.0319643,-4.791964,-4.621964,-5.081964,-5.961964,-6.5719643,-6.931964,-7.0319643,-6.8019643,-6.061964,-5.451964,-5.461964,-5.461964,-5.611964,-5.721964,-5.791964,-5.941964,-6.121964,-6.421964,-6.5919642,-6.791964,-6.941964,-7.0719643,-7.201964,-7.201964,-7.251964,-7.291964,-7.311964,-7.3419642,-7.2819643,-7.251964,-7.2419643,-7.191964,-7.201964,-7.2819643,-7.291964,-7.3419642,-7.381964,-7.4919643,-7.651964,-7.731964,-7.861964,-7.971964,-8.001965,-8.091964,-8.161964,-8.281964,-8.381964
-5.5519643,-5.521964,-5.521964,-5.621964,-5.481964,-5.231964,-5.161964,-5.2419643,-5.2419643,-5.3419642,-5.371964,-5.311964,-5.181964,-5.171964,-5.2819643,-5.391964,-5.481964,-5.371964,-5.4919643,-5.611964,-5.771964,-5.691964,-5.381964,-5.2819643,-5.351964,-5.361964,-5.441964,-5.951964,-6.161964,-6.221964,-6.291964,-6.461964,-6.701964,-6.811964,-6.911964,-6.881964,-6.931964,-7.001964,-7.0119643,-7.151964,-7.361964,-7.381964,-7.371964,-7.4919643,-7.581964,-7.441964,-7.381964,-7.2619643,-7.0119643,-6.881964,-7.061964,-7.101964,-7.161964,-7.351964,-7.441964,-7.501964,-7.5919642,-7.621964
-5.471964,-5.5519643,-5.481964,-5.481964,-5.601964,-5.541964,-5.481964,-5.521964,-5.751964,-5.771964,-5.831964,-5.731964,-5.581964,-5.331964,-5.0519643,-4.7819643,-4.681964,-4.771964,-4.9919643,-5.151964,-5.191964,-5.2419643,-5.401964,-5.2619643,-5.0119643,-4.881964,-4.931964,-5.3019643,-5.5319643,-5.7419643,-5.941964,-6.001964,-5.871964,-5.871964,-5.931964,-6.0919642,-6.291964,-6.501964,-6.721964,-6.881964,-7.0119643,-7.2619643,-7.411964,-7.701964,-7.891964,-7.891964,-7.7819643,-7.691964,-7.671964,-7.731964,-7.891964,-7.951964,-7.971964,-7.581964,-7.101964,-6.651964,-6.331964,-6.221964
-4.521964,-5.0919642,-5.231964,-5.351964,-5.621964,-5.711964,-5.661964,-5.661964,-5.7819643,-5.961964,-5.9919643,-5.921964,-5.681964,-5.411964,-5.111964,-4.931964,-4.581964,-4.231964,-4.101964,-4.171964,-4.331964,-4.151964,-4.161964,-4.0919642,-4.0919642,-4.201964,-4.351964,-4.451964,-4.581964,-4.751964,-5.111964,-5.351964,-5.351964,-5.381964,-5.3019643,-5.3219643,-5.621964,-5.891964,-5.9919643,-6.041964,-6.191964,-6.3219643,-6.521964,-6.661964,-6.601964,-6.5919642,-6.701964,-7.101964,-7.201964,-7.201964,-7.5519643,-8.071964,-8.381964,-8.631964,-8.861964,-9.491964,-9.251965,-9.261964
-3.7119641,-3.7119641,-3.6119642,-4.211964,-6.151964,-6.5319643,-6.561964,-6.5519643,-6.401964,-6.311964,-6.001964,-5.611964,-5.401964,-5.3419642,-5.131964,-4.871964,-4.831964,-4.371964,-3.8919642,-3.271964,-3.3819642,-3.6119642,-3.6819642,-3.6919641,-3.6419642,-3.6719642,-3.6919641,-3.741964,-3.741964,-3.6119642,-3.4419641,-3.4519641,-3.9419641,-4.3419642,-4.231964,-4.691964,-4.901964,-4.941964,-4.911964,-4.941964,-5.111964,-5.361964,-5.251964,-5.421964,-5.681964,-5.661964,-5.541964,-5.221964,-4.891964,-5.421964,-5.941964,-5.9919643,-6.211964,-6.5519643,-6.411964,-6.5119643,-6.141964,-6.621964
-2.9519641,-3.251964,-3.251964,-3.321964,-3.2019641,-3.311964,-3.491964,-3.521964,-4.931964,-5.611964,-5.941964,-5.921964,-5.701964,-5.421964,-5.221964,-4.881964,-4.701964,-4.601964,-4.3219643,-3.6719642,-3.331964,-3.301964,-3.351964,-3.4219642,-3.4719641,-3.4219642,-3.3819642,-3.4519641,-3.511964,-3.531964,-3.491964,-3.4219642,-3.321964,-3.241964,-3.261964,-3.351964,-3.4019642,-3.3819642,-3.351964,-3.261964,-3.2019641,-3.1519642,-3.4319642,-3.601964,-3.571964,-3.761964,-3.6819642,-3.291964,-3.4019642,-3.541964,-3.6219642,-3.571964,-3.321964,-3.3919642,-3.4219642,-3.571964,-3.801964,-3.9619641
-0.6019641,-0.8219641,-1.3119642,-1.6219641,-2.4419641,-3.091964,-3.481964,-3.2119641,-2.3619642,-3.2119641,-4.081964,-3.9519641,-4.721964,-4.191964,-4.211964,-4.101964,-4.0919642,-4.231964,-4.211964,-3.9119642,-3.4219642,-3.3919642,-3.6219642,-3.6319642,-3.511964,-3.1119642,-3.1619642,-3.311964,-3.3819642,-3.261964,-3.281964,-3.251964,-3.1719642,-3.011964,-3.001964,-3.041964,-3.041964,-2.8719642,-2.7119641,-2.771964,-2.841964,-2.991964,-2.9419641,-2.811964,-2.6719642,-2.571964,-2.3619642,-2.081964,-1.7719641,-1.6219641,-1.3519641,-1.4519641,-1.4219642,-1.411964,-1.5019641,-1.7019641,-1.7019641,-2.031964
-0.071964115,0.21803589,0.72803587,1.0180359,1.3080359,1.2780359,-1.4219642,-2.011964,-2.021964,-1.3819641,-1.1019641,-1.0019641,-1.7619641,-2.9319642,-3.2219641,-3.1719642,-3.351964,-3.491964,-3.511964,-3.801964,-3.9419641,-3.9719641,-3.9019642,-3.6919641,-3.6319642,-3.481964,-3.4219642,-3.561964,-3.301964,-3.1919641,-3.1219642,-2.841964,-2.6919641,-2.7119641,-2.821964,-2.771964,-2.9119642,-3.041964,-3.021964,-2.9619641,-3.031964,-3.101964,-2.9119642,-2.8719642,-2.6719642,-2.6419642,-2.4619641,-2.281964,-2.101964,-1.9619641,-1.7619641,-1.4619641,-1.2219641,-0.7519641,-0.6019641,-0.6619641,-0.77196413,-0.9119641
9.428036,7.6980357,3.518036,1.458036,2.3680358,1.7480359,0.4880359,0.14803588,-0.8519641,-0.6019641,-1.1219641,-0.5919641,-0.08196411,0.068035886,-1.9719641,-2.1619642,-2.761964,-2.801964,-3.3719642,-3.6519642,-3.981964,-4.2619643,-4.3219643,-4.371964,-4.451964,-3.9719641,-3.001964,-2.731964,-2.2219641,-1.6119641,-1.4919641,-1.5219641,-1.6919641,-1.8419641,-1.9919641,-2.3919642,-2.481964,-2.6619642,-2.831964,-2.9319642,-3.041964,-3.271964,-3.4319642,-3.541964,-3.501964,-3.3819642,-3.2219641,-2.6619642,-2.251964,-1.9219642,-1.5619642,-1.3119642,-0.6919641,-0.08196411,0.7580359,1.3980359,1.7280359,1.7980359
5.618036,8.038036,9.248035,10.978036,11.548036,11.4180355,10.838036,8.838036,5.778036,-0.6819641,-0.47196412,1.2280359,1.6280359,1.4780359,0.8080359,-1.041964,-1.0719641,-1.911964,-2.9319642,-3.6119642,-4.421964,-5.161964,-5.211964,-5.191964,-3.521964,-3.8719642,-3.531964,-3.341964,-3.351964,-2.9019642,-2.6919641,-2.241964,-2.341964,-2.2119641,-2.031964,-2.021964,-2.4319642,-1.6919641,-1.6319641,-2.091964,-3.031964,-4.391964,-4.141964,-3.501964,-4.151964,-4.691964,-4.211964,-2.6519642,-1.2019641,-0.64196414,-0.3619641,-0.47196412,0.18803589,1.0380359,1.4980359,1.8880359,2.658036,2.6280358
2.208036,1.4380358,2.408036,1.4980359,2.008036,1.5180359,2.978036,6.048036,6.388036,6.138036,3.7880359,2.228036,2.6280358,2.8280358,2.518036,0.42803589,-0.13196412,-1.1119641,-1.4219642,-3.491964,-3.831964,-2.521964,-1.041964,0.04803589,-0.38196412,-0.4619641,-0.7919641,-1.0119641,-1.6719642,-1.411964,-0.9019641,-0.7919641,-0.8019641,-0.8619641,-0.9219641,-0.8119641,-0.4019641,-1.0619642,-0.6119641,-2.781964,-1.0619642,-1.4919641,-1.0019641,0.6580359,-0.031964112,0.1680359,0.8080359,0.10803589,-1.8519641,-3.051964,-2.581964,-0.9419641,0.6880359,0.8280359,1.1080359,1.0680358,0.7680359,0.7180359
0.8880359,1.2780359,0.5580359,0.9280359,1.6980358,1.4480358,0.8980359,1.2780359,1.5380359,3.228036,3.678036,3.8580358,3.0480359,3.258036,3.518036,3.1280358,0.8980359,1.0580359,1.0380359,0.85803586,-0.6319641,-1.0619642,1.0080359,-0.21196412,-1.9219642,-1.0919641,-0.9919641,-0.15196411,0.5680359,-0.9019641,-1.6519641,-1.2319641,-1.291964,-0.9319641,-0.5019641,-1.7619641,-1.5819641,-1.8019642,-1.5019641,-0.9919641,-1.4419641,-0.58196414,-1.6119641,-1.0819641,-3.041964,-1.0619642,-1.0519642,-0.2719641,0.10803589,-0.4819641,0.49803588,-0.70196414,-0.6319641,-0.32196411,-0.5419641,-0.3719641,-0.5319641,0.20803589
0.43803588,0.72803587,1.6980358,1.2180359,1.708036,0.97803587,0.85803586,1.1180359,0.85803586,1.0780358,1.3180358,2.728036,3.5580359,4.118036,5.028036,6.6580358,5.628036,2.908036,2.8680358,2.8080359,1.9180359,2.5280359,2.8380358,1.1380359,0.9980359,0.3580359,0.33803588,0.028035888,0.5080359,-0.05196411,-1.2419641,-1.0119641,-1.3719641,-1.5719641,-0.83196414,-1.3719641,-2.831964,-2.1519642,-1.041964,-0.6319641,-1.5319641,-2.301964,-2.6419642,-2.7219641,-1.7419641,-2.091964,-1.7719641,-0.7919641,-0.3319641,0.3180359,1.0580359,-0.5719641,-1.2119641,-0.5719641,-0.47196412,-0.7419641,0.23803589,-0.2619641
-0.9019641,3.3880358,-0.111964114,1.0980359,1.0980359,1.088036,1.5580359,0.36803588,-0.06196411,0.39803588,0.5080359,0.8980359,1.3580359,1.3480359,0.8280359,2.8280358,3.1380358,4.628036,1.6080359,1.5380359,2.6180358,3.148036,2.678036,2.8880358,2.3680358,1.1780359,-0.4519641,-0.28196412,0.6780359,1.3280358,-0.8719641,-1.0219641,-2.9619641,-1.1319641,-2.091964,-3.8819642,-1.3819641,-0.5719641,-1.6519641,-2.1419642,-1.3319641,-0.7319641,-0.4019641,-0.89196414,-0.83196414,-1.6419641,-1.3219641,-0.5419641,-0.4919641,-0.8219641,-0.2219641,0.3480359,-0.5319641,-1.1919641,-1.161964,-1.3719641,-0.6519641,-0.04196411
3.3880358,3.498036,5.4480357,2.988036,1.5580359,2.5380359,1.4880359,2.2880359,0.6280359,-0.8419641,-1.1519641,-0.32196411,-1.5119641,2.458036,2.998036,3.958036,1.8080359,2.3780358,1.6980358,0.66803586,-0.8019641,1.458036,1.458036,-0.1919641,0.6180359,1.0980359,-0.5719641,-0.5119641,-0.16196412,-0.6019641,-0.2619641,-0.5019641,-1.9519641,-1.8519641,-2.061964,-1.7519641,-1.411964,-2.531964,0.14803588,-1.6819642,-2.011964,-2.101964,-1.4219642,-0.6619641,-1.2319641,-1.4719641,-0.4919641,-0.12196411,-0.08196411,-0.8419641,0.53803587,0.9880359,-1.4519641,-0.4619641,1.7580359,-0.2919641,1.6280359,1.7380359
