public/config/2021010606.json
{"header": {"discipline":0,"disciplineName":"Meteorological products","gribEdition":2,"gribLength":77275,"center":7,"centerName":"US National Weather Service - NCEP(WMC)","subcenter":0,"refTime":"2021-01-06T06:00:00.000Z","significanceOfRT":1,"significanceOfRTName":"Start of forecast","productStatus":0,"productStatusName":"Operational products","productType":1,"productTypeName":"Forecast products","productDefinitionTemplate":0,"productDefinitionTemplateName":"Analysis/forecast at horizontal level/layer at a point in time","parameterCategory":2,"parameterCategoryName":"Momentum","parameterNumber":3,"parameterNumberName":"V-component_of_wind","parameterUnit":"m.s-1","genProcessType":2,"genProcessTypeName":"Forecast","forecastTime":0,"surface1Type":103,"surface1TypeName":"Specified height level above ground","surface1Value":10.0,"surface2Type":255,"surface2TypeName":"Missing","surface2Value":0.0,"gridDefinitionTemplate":0,"gridDefinitionTemplateName":"Latitude_Longitude","numberPoints":65160,"shape":6,"shapeName":"Earth spherical with radius of 6,371,229.0 m","gridUnits":"degrees","resolution":48,"winds":"true","scanMode":0,"nx":360,"ny":181,"basicAngle":0,"lo1":0.0,"la1":90.0,"lo2":359.0,"la2":-90.0,"dx":1.0,"dy":1.0}, "data":
[rows 26 to 51 of 181, columns 116 to 173 of 360]
1.4569616,2.6269617,2.4769616,2.3369617,2.0969617,1.9169617,2.3569617,1.4869617,0.6369617,0.94696164,0.9069617,1.0269617,0.40696168,0.41696167,-0.6130383,0.03696167,0.34696168,0.67696166,1.0569617,1.2569617,1.8969617,2.3969617,0.43696168,-0.39303833,0.8969617,0.86696166,1.5469617,0.07696167,-0.26303834,-0.5430383,-1.1130383,-0.6730383,-0.17303833,-0.00303833,-0.5430383,1.0769616,0.73696166,0.55696166,0.86696166,0.28696167,0.5869617,-0.00303833,-1.8330383,-0.7930383,-2.2230384,-2.8330383,-3.3130383,-2.1530383,-0.30303833,-0.49303833,-0.25303832,-0.74303836,-0.9630383,-0.20303833,0.5769617,1.2369617,1.1669617,0.40696168
1.4769616,1.7169616,2.5169616,2.3169618,2.0369616,2.2669616,3.1469617,1.7469617,1.5769616,1.9069617,0.9769617,0.33696166,0.44696167,0.14696167,-0.46303833,-0.44303834,-0.7230383,-0.63303834,-0.04303833,-0.12303833,0.36696166,0.81696165,0.41696167,-1.1830384,-1.7630383,0.27696168,0.13696167,0.20696168,0.05696167,0.14696167,-1.7230383,-1.5130383,-1.3630383,-1.5530384,-0.37303832,-0.10303833,0.5869617,0.40696168,1.1069617,-0.40303832,-0.8430383,-0.6730383,-1.3730383,-2.5630383,-4.6330385,-3.2330384,-3.3130383,-4.2730384,-3.8230383,-2.4730384,0.11696167,0.23696166,-0.39303833,0.33696166,-0.22303833,-0.09303833,-0.20303833,-0.00303833
2.0869617,1.6069617,1.9669616,1.8469616,1.7769617,1.8769617,1.5669616,1.3569617,1.1069617,0.7169617,0.73696166,0.67696166,0.41696167,0.10696167,-0.30303833,-0.35303834,-0.45303833,-0.29303834,-0.06303833,0.16696167,0.46696168,0.46696168,-0.5430383,-0.82303834,-1.2630383,-0.50303835,-4.453038,-0.88303834,-1.6030383,-1.6030383,-3.2130384,-1.3830383,-0.40303832,-1.3630383,-1.4430383,-1.3330383,-2.1630383,-1.4030384,0.67696166,0.16696167,-2.5630383,-4.4630384,-4.5630383,-3.8130383,-2.8530383,-0.9230383,-1.0630383,-0.40303832,-4.1330385,-0.55303836,-1.0130383,-0.56303835,-1.4030384,-2.3730383,-2.3830383,-1.8930383,-0.82303834,-2.8630383
1.8269616,1.3669617,0.93696165,1.0969616,0.87696165,1.1469617,1.3169616,0.85696167,0.8369617,0.54696167,0.6369617,0.15696166,-0.19303833,-0.7730383,-0.9630383,-0.75303835,-0.5430383,-0.58303833,-0.06303833,0.48696166,0.80696166,-0.06303833,0.86696166,-0.9830383,-1.6730384,-1.7830384,-2.7530384,-3.5330384,-0.9230383,-4.9130383,-3.6030383,-5.933038,-5.013038,-4.0230384,-0.89303833,-2.2230384,-3.3630383,-1.8730383,-4.433038,-5.0830383,-3.5030384,-4.8430386,-5.6730385,-5.493038,-3.7730384,-0.9730383,0.5369617,-3.0630383,-1.0830383,-1.8330383,-3.1830382,0.00696167,-0.20303833,-2.1630383,-2.0130384,-1.2330383,-3.2430384,-4.0630383
1.2269616,0.5969617,0.30696166,0.55696166,0.79696167,0.29696167,0.16696167,-0.02303833,-0.09303833,-0.5430383,-0.64303833,-0.7230383,-0.50303835,-0.51303834,-0.6530383,-0.80303836,-0.88303834,-0.5430383,-0.28303832,-0.24303833,0.7269617,-0.27303833,-1.2930384,0.39696166,0.08696167,-0.87303835,-0.27303833,-4.183038,-2.3830383,-2.0930383,-3.1430383,-3.6630383,-2.0430384,-3.4330382,-3.6430383,-2.7230384,-3.1430383,-3.5630383,-1.9130384,-2.8330383,-5.1930385,-6.5230384,-6.683038,-6.033038,-4.263038,-3.4830384,1.0369617,-1.9830383,-5.5830383,-2.4030383,-7.473038,-4.2930384,-5.1930385,-4.803038,-4.4130383,-2.5630383,-2.6530383,-1.8630383
1.8169616,0.6469617,0.5969617,0.43696168,0.14696167,0.40696168,0.60696167,-0.43303832,-0.49303833,-0.38303834,0.33696166,-0.87303835,-0.95303833,-0.22303833,-0.19303833,-0.27303833,-0.75303835,-1.4230384,-1.2130383,-0.74303836,-0.28303832,-0.26303834,0.11696167,0.10696167,0.55696166,-0.28303832,-2.8830383,-2.0630383,-3.6330383,-0.74303836,-2.0430384,-4.2530384,-3.9430382,-4.763038,-6.4830384,-5.8830385,-2.3530383,-2.4230382,-3.7530384,-7.2730384,-8.703038,-7.433038,-7.723038,-3.3530383,-0.01303833,-0.00303833,-1.8430383,-2.6030383,-5.2130384,-8.433039,-6.4830384,-5.8930383,-2.8430383,-1.2130383,-3.5730383,-4.1430383,-3.6430383,-6.1530385
1.8969617,1.4669616,2.2369616,0.40696168,1.1469617,0.46696168,-0.83303833,-2.4630384,-0.9730383,-1.2230383,-1.8430383,-0.70303833,-1.9630383,-2.3430383,-3.0030384,-0.22303833,-0.29303834,-0.68303835,-0.89303833,-0.7830383,-0.50303835,0.25696167,0.41696167,-0.14303833,-3.9630384,-6.6930385,-4.4830384,-5.0030384,-4.033038,-4.3430386,-5.2130384,-7.5430384,-8.523038,-8.083038,-3.7630384,-2.8230383,-3.9130383,-5.493038,-8.223039,-7.9430385,-5.4830384,-1.5130383,1.3469616,-0.30303833,-0.44303834,-1.0030383,-1.1930383,-4.6930385,-7.3130383,-7.3730383,-7.723038,-6.2530384,-5.183038,-3.5030384,-4.953038,-6.4830384,-7.7530384,-8.463038
-0.30303833,0.8469617,-0.81303835,0.8869617,-1.5630383,0.54696167,0.00696167,-3.7730384,-1.9030384,-2.9630384,-0.40303832,-4.1030383,-5.743038,-3.3430383,-1.7730384,-0.62303835,-0.5230383,-0.33303833,-0.55303836,-0.32303834,-0.82303834,-1.8330383,-5.5230384,-5.263038,-4.1330385,-3.7430384,-5.4030385,-5.2130384,-5.9230385,-6.3730383,-7.4030385,-7.5630383,-9.163038,-0.9030383,-3.4930384,-4.3930383,-6.1530385,-6.6330385,-3.9330382,-3.9930384,-4.533038,-0.76303834,0.23696166,0.47696167,-0.42303833,0.66696167,0.68696165,-5.8830385,-2.4430382,-0.46303833,-2.2430384,-3.5630383,-4.4130383,-5.513038,-6.323038,-6.513038,-8.023038,-5.553038
-2.9430382,-3.7730384,-0.62303835,-0.26303834,-0.93303835,-2.4430382,-2.4630384,-3.7630384,-3.1730382,-8.463038,-3.2330384,-3.5630383,-2.3330383,-2.3330383,-2.3530383,-0.8530383,-1.0330384,-1.2130383,-2.5630383,-3.0130384,-4.8330383,-4.323038,-1.5830383,-4.303038,-4.303038,-3.6130383,-4.8430386,-6.8830385,-7.8530383,-9.9230385,-9.813038,-9.623038,-6.073038,-5.0930386,-6.9130383,-6.2330384,-5.6430383,-3.9730384,-3.5930383,-3.9830384,-3.0330384,-0.42303833,1.3869617,-0.68303835,0.05696167,1.3869617,-1.8830383,-3.8930383,-8.803039,-0.43303832,-2.3230383,-3.8530383,-4.6130385,-5.783038,-5.1130385,-5.6130385,-6.223038,-5.6530385
-1.0930383,-0.33303833,0.11696167,-0.6130383,-0.24303833,0.01696167,0.7069617,-1.4830383,-2.1130383,-0.49303833,-2.3030384,-2.4430382,-1.6630384,-0.49303833,-0.18303832,-1.1930383,-2.9930384,-0.16303833,-1.4630383,-3.4130383,1.1869617,0.50696164,-0.36303833,-2.1030383,-2.4930384,-4.453038,-5.7730384,-7.1930385,-11.453038,-12.603039,-11.543038,-10.653038,-8.533038,-9.893039,-9.263039,-8.373038,1.4169617,3.4469616,2.4969616,4.9569616,4.3269615,1.0269617,-0.74303836,-0.17303833,-0.7130383,-0.6730383,-1.5130383,-6.2530384,-4.1030383,-5.5830383,-2.5030384,0.5769617,-3.2330384,-4.9230385,-5.1530385,-5.4030385,-4.8930383,-5.453038
-0.88303834,-1.5330384,-1.1230383,-1.8630383,-3.4730384,-3.4330382,-1.8630383,-2.0630383,-3.4830384,-3.0130384,-2.2530384,-2.2130384,-2.4730384,-2.4430382,-1.3530383,0.20696168,-0.44303834,0.5969617,-0.39303833,-0.08303833,-1.3630383,1.5469617,-2.7530384,-1.6330383,-0.58303833,-6.6330385,-7.3530383,-4.9430385,-9.943038,-15.193038,-11.553039,-9.813038,-11.343039,-12.9230385,5.6269617,8.156961,6.8969617,4.5869617,1.8869617,1.9869617,2.4169617,0.39696166,-0.7130383,-1.5130383,-5.453038,-0.39303833,-2.9130383,-4.1230383,-4.203038,-4.9030385,-4.9130383,-3.9130383,-1.0230384,-3.2830384,-5.433038,-6.1330385,-5.8630385,-5.7530384
-2.9730384,-2.1030383,-0.6530383,-0.89303833,-2.1730382,-2.3030384,-1.8930383,-2.1930382,-3.0330384,-2.3030384,-1.7830384,-1.5430384,-1.1330383,-1.0330384,-0.15303832,0.60696167,0.23696166,-0.00303833,-0.36303833,0.24696167,0.5969617,0.34696168,-0.05303833,-0.57303834,-1.2330383,-1.6130383,-6.9630384,-7.3930383,-9.4230385,-10.963038,-7.993038,-7.9030385,-12.103039,3.7769616,6.4769616,5.8669615,5.8669615,3.4569616,-1.1330383,-1.1530384,4.5569615,2.4069617,0.54696167,-2.9530382,3.3369617,4.446962,1.2669617,-0.26303834,-1.7330383,-7.1030383,-2.3730383,-3.2430384,-1.7030383,-0.7330383,-3.9030383,-6.1530385,-6.4430385,-3.1630383
-2.3630383,-0.7230383,-1.0530384,-1.9530383,-3.1630383,-1.8130383,-1.4630383,-1.8830383,-2.4330382,-3.1630383,-2.9330382,-2.6130383,-2.7730384,-1.8930383,-0.8630383,-0.6030383,-0.16303833,0.8369617,-0.09303833,0.55696166,0.42696166,0.73696166,0.98696166,-0.5430383,0.23696166,-0.32303834,-2.9930384,-4.823038,-6.4830384,-7.0930386,-6.4830384,-5.7330384,-1.3830383,4.6269617,5.3269615,3.9969616,3.9869616,2.7369616,-0.05303833,-2.0330384,3.9769616,2.4069617,-0.30303833,1.8169616,3.5169616,3.3569617,1.4969617,-0.55303836,-2.2930384,-2.7830384,-3.0330384,-2.0830383,-4.1430383,-5.1030383,-4.3930383,-5.0830383,-6.1130385,-5.1630383
-4.1130385,-2.4830384,-2.5430384,-1.8030384,-2.4230382,-2.4430382,-2.3130383,-2.6830382,-2.3930383,-3.4330382,-3.6530383,-2.7830384,-2.3130383,-2.1030383,-1.2230383,-0.39303833,1.0569617,-0.41303834,1.1869617,-0.58303833,-0.32303834,1.1969616,0.73696166,-0.23303834,0.14696167,-3.2130384,-2.6030383,-0.42303833,-5.823038,-6.8430386,-5.9130383,-4.6130385,-1.7330383,0.5369617,1.7969617,2.1369617,1.8869617,2.3269618,2.6569617,2.0769618,2.4769616,1.1569617,0.5269617,-0.39303833,0.62696165,1.5169617,-0.56303835,-2.9030383,-3.0130384,-2.8230383,-3.7530384,-3.5930383,-2.5530384,-3.8930383,-4.0030384,-4.8530383,-4.973038,-3.6130383
-5.473038,-3.1930382,-3.7630384,-2.8630383,-1.5330384,-2.3130383,-2.3530383,-2.7030382,-2.0530384,-1.7730384,-3.6930382,-2.4630384,-2.5030384,-1.6730384,-0.33303833,-0.49303833,-0.30303833,-0.10303833,0.05696167,1.1569617,0.9569617,1.6569617,0.42696166,-0.8630383,-0.38303834,-1.8130383,-5.6030383,-3.1830382,0.5869617,-0.99303836,-5.6230383,-5.1930385,-2.5430384,-0.00303833,0.17696168,-0.15303832,0.03696167,0.61696166,0.35696167,0.8869617,0.21696167,2.0969617,1.6069617,-2.6030383,4.276962,2.0569618,0.20696168,-2.0030384,-2.6330383,-2.4230382,-3.1130383,-3.2130384,-3.8130383,-3.3430383,-2.9830384,-2.9230382,-3.9630384,-3.6730382
-5.7330384,-6.3930383,-4.8930383,-3.2030382,-1.8130383,-3.1830382,-3.3030384,-2.9530382,-3.5730383,-1.9830383,-3.5330384,-1.9030384,-2.2730384,-1.7830384,-2.3630383,-0.31303832,0.55696166,1.0169617,0.12696166,1.2169616,1.9969617,0.9569617,-0.70303833,-0.6530383,-2.8730383,-5.3530383,-6.5930386,-1.8630383,-5.1030383,-1.2730384,-2.7630384,-5.4230385,-5.5030384,1.0269617,1.7269616,-0.05303833,-1.3330383,-1.5130383,-0.8430383,-1.0130383,0.85696167,1.8569617,1.5369617,0.8869617,0.7169617,0.41696167,-0.9730383,0.7169617,-1.3030384,-3.2930384,-2.7130384,-2.2330384,-2.9630384,-3.2730384,-3.1230383,-3.5230384,-3.8530383,-4.3430386
-3.9630384,-3.6030383,-4.053038,-3.5730383,-1.6530384,-4.1530385,-4.073038,-4.8130383,-1.6530384,-3.7430384,-4.243038,-3.6330383,-1.9030384,-1.2130383,-1.7530383,-2.5230384,-0.70303833,0.16696167,0.46696168,1.1669617,0.56696165,-0.81303835,0.22696167,-0.13303833,-2.7030382,-6.0230384,-6.783038,-3.4630384,-1.8830383,-3.3530383,-4.073038,-4.203038,-3.4030383,-2.1630383,-1.0330384,-0.87303835,-1.4930383,-1.3930383,-2.3830383,-0.19303833,-0.00303833,-0.13303833,0.9569617,1.1469617,-2.1930382,-4.7930384,5.3269615,1.8769617,5.816962,0.35696167,-3.6630383,-3.8730383,-2.7030382,-2.8230383,-3.0830383,-4.263038,-3.9130383,-4.013038
-1.8030384,-1.7130383,-2.6230383,-4.1130385,-6.573038,-5.323038,-6.1930385,-5.2530384,-5.203038,-4.763038,-4.073038,-3.2730384,-0.9630383,-0.69303834,0.50696164,-0.69303834,-0.8430383,0.86696166,-0.56303835,1.3569617,0.6569617,0.00696167,-0.10303833,-4.8930383,-3.8630383,-5.0030384,-2.5130384,-0.16303833,-0.29303834,-1.5330384,-2.6530383,-3.2130384,-3.6230383,-2.6730382,-2.1430383,-1.8330383,-1.4530383,-1.5830383,-1.3130383,-1.2330383,-0.8630383,0.9769617,0.18696167,0.98696166,0.69696164,-0.9130383,-0.6030383,2.5269616,4.5969615,1.7969617,-2.3630383,-3.8830383,-3.4830384,-3.2130384,-3.1230383,-3.8630383,-4.6730385,-4.3430386
-3.7030382,-3.9230382,-5.6430383,-6.5230384,-5.723038,-5.8730383,-6.493038,-7.3130383,-6.4830384,-5.3930383,-2.6330383,-1.4330384,-1.1830384,0.38696167,-0.12303833,-0.38303834,0.11696167,0.27696168,-0.20303833,-0.6030383,-0.69303834,-0.45303833,-4.3130383,-3.2630384,-4.683038,-5.7330384,-2.2430384,0.7869617,0.05696167,-1.8530383,-3.1530383,-3.6430383,-3.8230383,-2.7130384,-1.2230383,-0.9030383,-0.75303835,-1.0130383,-1.0730383,-0.33303833,-0.30303833,0.68696165,0.14696167,2.4869616,0.9069617,-0.9730383,-0.87303835,4.1469617,3.9269617,1.3669617,-1.6230383,-2.1330383,-3.0830383,-2.8830383,-2.7130384,-3.0230384,-3.7630384,-4.1730385
-2.2630384,-2.7130384,-3.1030383,-4.993038,-7.4430385,-8.343039,-6.8730383,-6.5030384,-5.493038,-2.6530383,-0.74303836,-0.39303833,0.06696167,-0.7730383,1.2269616,-0.6030383,-0.64303833,-0.99303836,-0.64303833,-0.58303833,-2.2630384,-2.9330382,-1.4330384,-3.9030383,-3.3030384,-5.493038,0.19696167,0.24696167,0.49696168,-1.2230383,-3.7630384,-4.3630385,-3.8230383,-4.5230384,-3.7130384,-2.6930382,-0.99303836,-1.0630383,-1.4730383,-1.8530383,-0.8630383,-0.81303835,0.7269617,1.3969617,1.2569617,2.8069618,6.216962,4.256962,2.2669616,-0.7330383,-1.3130383,-1.6830384,-2.5730383,-2.6630383,-2.5830383,-2.5930383,-3.4330382,-4.2930384
-2.0730383,-2.8430383,-7.6130385,-6.3530383,-7.9230385,-6.823038,-5.3730383,-4.6930385,-4.5030384,-0.09303833,0.26696166,1.1469617,0.05696167,1.4369617,-0.8630383,-1.0130383,-1.7230383,-2.1330383,-1.3330383,-1.8930383,-1.9430383,-1.4330384,-2.3430383,-2.2930384,-4.223038,-4.553038,1.4169617,0.54696167,0.12696166,-0.9230383,-3.0630383,-4.323038,-4.073038,-3.8930383,-3.5030384,-2.9230382,-0.7330383,-0.23303834,-0.76303834,-2.2030382,-1.3230383,-0.13303833,-0.87303835,0.8269617,-0.49303833,0.01696167,-1.6430383,4.3769617,1.9169617,-0.64303833,-0.55303836,-1.4330384,-1.2930384,-1.6530384,-2.7830384,-2.8330383,-3.5030384,-3.8630383
-4.783038,-5.6330385,-4.1630383,-10.213038,-7.1530385,-7.5630383,-6.263038,-4.9830384,-2.5430384,-0.43303832,-0.01303833,0.28696167,0.8969617,-0.99303836,-2.5730383,0.46696168,-6.743038,-1.0930383,0.33696166,-1.6130383,0.17696168,-4.2930384,-2.6830382,-3.1530383,-0.88303834,0.61696166,0.7669617,1.9169617,0.87696165,-0.03303833,-3.6130383,-3.3630383,-4.033038,-3.3930383,-2.0030384,-2.3630383,-2.1530383,-1.7430383,-1.2430383,-1.1530384,-0.9830383,-0.95303833,-0.6630383,-0.34303832,-0.44303834,-1.1030383,-2.0530384,-2.8430383,-1.3930383,5.676962,0.8269617,-2.1630383,-3.0430384,-2.6630383,-2.9530382,-2.7730384,-2.7430384,-3.9830384
-7.6230383,-10.403038,-5.433038,-8.8830385,-11.293038,-7.9630384,-7.1230383,-5.013038,-2.5330384,-0.8430383,1.2569617,2.3069618,2.9469616,2.6469617,1.6569617,-10.1730385,-7.2530384,-5.723038,-2.2730384,1.1169617,-0.06303833,-3.0830383,-3.9030383,-3.6830382,-3.0430384,-1.4230384,-1.9130384,-2.5230384,0.12696166,-2.2330384,-4.433038,-4.183038,-5.3930383,-4.7530384,-5.1130385,-4.533038,-4.2530384,-2.8930383,-2.6930382,-1.2530383,0.28696167,-0.80303836,-0.40303832,0.16696167,0.26696166,-0.43303832,-2.1730382,-1.7430383,-0.81303835,4.066962,2.5269616,-0.8530383,-3.3430383,-3.9930384,-4.1430383,-4.533038,-4.1030383,-3.1330383
-9.843039,-9.023038,-8.123038,-5.433038,-8.9230385,-8.233038,-6.6130385,-4.6330385,-3.2330384,0.01696167,1.3069617,0.11696167,0.14696167,1.3669617,-5.703038,-9.953038,-8.533038,-7.8130383,-4.683038,-2.9630384,-2.4730384,-4.3730383,-5.6330385,-4.573038,-2.8230383,-0.7130383,-1.5730383,-2.8130383,-3.9430382,-3.7930384,-4.823038,-6.933038,-5.7130384,-4.3130383,-2.6630383,-5.4430385,-4.1030383,-4.1430383,-5.1130385,-4.6530385,-4.1630383,-2.9330382,-2.5130384,-2.5030384,0.34696168,1.2369617,1.3269616,-0.25303832,-0.58303833,0.55696166,-0.43303832,-1.8030384,-3.4430382,-4.3130383,-4.3630385,-4.243038,-4.013038,-4.9430385
-7.8530383,-5.973038,-6.823038,-5.9230385,-10.4230385,-10.9230385,-7.3830385,-4.453038,-2.6830382,-0.6630383,1.3069617,0.23696166,2.9869616,-1.6730384,0.80696166,-0.28303832,-5.7130384,-4.9230385,-6.0930386,-4.2530384,-2.4430382,-2.8530383,-4.283038,-3.3330383,-0.36303833,0.09696167,-3.8130383,-4.4030385,-5.2330384,-5.6130385,-7.263038,-7.8930383,-5.8330383,-5.8930383,-7.6730385,-9.313038,-8.023038,-7.7930384,-5.9430385,-5.803038,-6.0430384,-5.763038,-5.9430385,-3.9230382,-0.68303835,0.42696166,-1.2630383,-1.1630384,-1.9430383,-3.0330384,-3.3530383,-3.5830383,-4.0430384,-3.0330384,-3.3430383,-3.0930383,-3.4430382,-3.5430384
-8.683039,-7.8130383,-11.553039,-12.363038,-11.323038,-9.913038,-9.163038,-7.743038,-9.093039,-2.4230382,0.9769617,1.4069617,-1.7630383,-4.453038,-2.7530384,-3.1930382,0.18696167,-4.4130383,-3.2030382,-4.703038,-3.8130383,-4.5030384,-4.3830385,-3.1030383,-0.24303833,-0.34303832,-1.5530384,-6.8130383,-7.573038,-7.1330385,-7.1130385,-7.1230383,-9.123038,-11.643039,-11.293038,-8.893039,-6.493038,-6.933038,-4.6930385,-3.9830384,-1.6530384,-0.55303836,1.1169617,0.8469617,0.7169617,-0.43303832,-0.5930383,0.42696166,1.4869617,-0.43303832,-1.4630383,-2.3930383,-4.2730384,-5.073038,-5.1530385,-5.2130384,-4.9830384,-6.0430384
