public/config/2021010606.json
{"header": {"discipline":0,"disciplineName":"Meteorological products","gribEdition":2,"gribLength":77193,"center":7,"centerName":"US National Weather Service - NCEP(WMC)","subcenter":0,"refTime":"2021-01-06T06:00:00.000Z","significanceOfRT":1,"significanceOfRTName":"Start of forecast","productStatus":0,"productStatusName":"Operational products","productType":1,"productTypeName":"Forecast products","productDefinitionTemplate":0,"productDefinitionTemplateName":"Analysis/forecast at horizontal level/layer at a point in time","parameterCategory":2,"parameterCategoryName":"Momentum","parameterNumber":2,"parameterNumberName":"U-component_of_wind","parameterUnit":"m.s-1","genProcessType":2,"genProcessTypeName":"Forecast","forecastTime":0,"surface1Type":103,"surface1TypeName":"Specified height level above ground","surface1Value":10.0,"surface2Type":255,"surface2TypeName":"Missing","surface2Value":0.0,"gridDefinitionTemplate":0,"gridDefinitionTemplateName":"Latitude_Longitude","numberPoints":65160,"shape":6,"shapeName":"Earth spherical with radius of 6,371,229.0 m","gridUnits":"degrees","resolution":48,"winds":"true","scanMode":0,"nx":360,"ny":181,"basicAngle":0,"lo1":0.0,"la1":90.0,"lo2":359.0,"la2":-90.0,"dx":1.0,"dy":1.0}, "data":
[rows 0 to 26 of 181, columns 0 to 59 of 360]
3.4548,3.3747997,3.2947998,3.2148,3.1247997,3.0447998,2.9548,2.8747997,2.7847998,2.6948,2.6047997,2.5147998,2.4248,2.3347998,2.2447999,2.1547997,2.0547998,1.9647998,1.8647999,1.7747998,1.6747998,1.5847998,1.4847999,1.3847998,1.2947998,1.1947998,1.0947998,0.9947998,0.8947998,0.7947998,0.6947998,0.6047998,0.5047998,0.40479982,0.3047998,0.2047998,0.10479981,0.0047998047,-0.105200194,-0.2052002,-0.3052002,-0.40520018,-0.5052002,-0.6052002,-0.6952002,-0.79520017,-0.8952002,-0.9952002,-1.0952002,-1.1952002,-1.2952002,-1.3852001,-1.4852002,-1.5852002,-1.6752002,-1.7752002,-1.8652002,-1.9652002,-2.0552,-2.1552002
2.7347999,2.6647997,2.5847998,2.4947999,2.4147997,2.3147998,2.2247999,2.1347997,2.0347998,1.9347998,1.8347998,1.7247998,1.6147999,1.5047998,1.3847998,1.2747998,1.1547998,1.0347998,0.9147998,0.7947998,0.6647998,0.5347998,0.4147998,0.2847998,0.1547998,0.044799805,-0.065200195,-0.16520019,-0.2752002,-0.37520018,-0.4752002,-0.5852002,-0.6852002,-0.79520017,-0.9052002,-1.0152001,-1.1252002,-1.2352002,-1.3452002,-1.4552002,-1.5652002,-1.6852002,-1.7952002,-1.9152002,-2.0352,-2.1552002,-2.2952,-2.4352002,-2.5752,-2.7152002,-2.8552003,-2.9952002,-3.1452003,-3.2852,-3.4252002,-3.5652,-3.7052002,-3.8452003,-3.9852002,-4.1252003
2.1147997,2.0347998,1.9547998,1.8647999,1.7647998,1.6547998,1.5447998,1.4447998,1.3447998,1.2547998,1.1447998,1.0447998,0.9347998,0.8247998,0.7147998,0.6147998,0.51479983,0.4247998,0.3247998,0.2147998,0.10479981,-0.035200194,-0.16520019,-0.3052002,-0.4652002,-0.6152002,-0.7652002,-0.9052002,-1.0352002,-1.1552002,-1.2652001,-1.3852001,-1.4952002,-1.6052002,-1.7152002,-1.8152002,-1.9152002,-2.0152001,-2.1352003,-2.2552001,-2.3952003,-2.5552,-2.7252002,-2.8852003,-3.0352,-3.1752002,-3.3152,-3.4352002,-3.5652,-3.6952002,-3.8252,-3.9352002,-4.0552,-4.1652,-4.2852,-4.4052,-4.5352,-4.6552,-4.7752004,-4.8952003
1.0547998,0.8747998,0.7847998,0.7347998,0.6847998,0.6047998,0.51479983,0.4147998,0.3047998,0.1847998,0.074799806,-0.035200194,-0.16520019,-0.3152002,-0.4652002,-0.5952002,-0.7252002,-0.8152002,-0.8752002,-0.9352002,-1.0252002,-1.1552002,-1.3052002,-1.4552002,-1.5852002,-1.6952002,-1.8052002,-1.9252002,-2.0552,-2.2052002,-2.3652003,-2.5452,-2.7052002,-2.8252,-2.9452002,-3.0652,-3.2152002,-3.3652003,-3.5152001,-3.6652002,-3.7752001,-3.8752003,-4.0052004,-4.1552,-4.3052,-4.4252,-4.5052004,-4.5952,-4.6952,-4.8152003,-4.9652004,-5.0852003,-5.2052,-5.3352003,-5.4852004,-5.6252003,-5.7752004,-5.9252,-6.0752,-6.2252
1.0947998,0.9047998,0.6747998,0.3547998,0.034799803,-0.1852002,-0.3252002,-0.3552002,-0.3852002,-0.4952002,-0.6352002,-0.8252002,-1.0052001,-1.1252002,-1.2252002,-1.2952002,-1.3752002,-1.4452002,-1.5152001,-1.5852002,-1.6752002,-1.7652001,-1.8752002,-2.0052001,-2.1752002,-2.3552003,-2.5352,-2.6952002,-2.8152,-2.9352002,-3.0552,-3.2152002,-3.3952003,-3.5452,-3.6752002,-3.7852,-3.8852003,-3.9752002,-4.0552,-4.1352,-4.2552004,-4.3752003,-4.4852004,-4.6052003,-4.7152004,-4.8452,-4.9852004,-5.1252003,-5.2652,-5.4052,-5.5452003,-5.6452003,-5.7452,-5.8352003,-5.9452,-6.0652003,-6.1652,-6.2252,-6.2552004,-6.3052
1.6847998,1.4547998,1.1147999,0.7247998,0.3347998,-0.015200195,-0.2652002,-0.40520018,-0.5352002,-0.6652002,-0.8552002,-1.0452002,-1.2352002,-1.4452002,-1.6652002,-1.8652002,-2.0652,-2.2352002,-2.3252,-2.3852003,-2.4552002,-2.5752,-2.7152002,-2.8352003,-2.9452002,-3.0352,-3.1552002,-3.2852,-3.4152002,-3.5652,-3.6452003,-3.6752002,-3.7152002,-3.7452002,-3.8152,-3.8752003,-3.9552002,-4.0352,-4.1352,-4.2652,-4.4352,-4.6052003,-4.7352004,-4.8952003,-5.0552,-5.1852,-5.3152003,-5.4352,-5.5352,-5.5552,-5.5952,-5.6252003,-5.6452003,-5.6952,-5.7652,-5.8452,-5.9252,-6.0452003,-6.1852,-6.3152003
1.5447998,1.3547997,1.1647998,0.9347998,0.5747998,0.24479981,-0.035200194,-0.3152002,-0.5952002,-0.8752002,-1.1752002,-1.4652002,-1.6252002,-1.7452002,-1.9152002,-2.1052003,-2.2652001,-2.3752003,-2.4652002,-2.5352,-2.5652,-2.6752002,-2.9352002,-3.1352003,-3.2052002,-3.3152,-3.5552,-3.7452002,-3.7552001,-3.7152002,-3.7352002,-3.8152,-3.8752003,-3.9052002,-3.9752002,-4.0952,-4.2152004,-4.2952003,-4.3552003,-4.4852004,-4.6352,-4.7352004,-4.7752004,-4.7852,-4.7752004,-4.6952,-4.5652003,-4.4552,-4.5552,-4.6952,-4.8252,-4.9652004,-5.1652,-5.3052,-5.4752,-5.6552,-5.6852,-5.7252,-5.8152003,-5.9152
1.9347998,1.6647998,1.6147999,1.3847998,0.9747998,0.4647998,0.054799806,-0.105200194,-0.1552002,-0.37520018,-0.6652002,-0.9652002,-1.3252002,-1.6352001,-1.8852001,-2.0452,-2.1452003,-2.2552001,-2.3052,-2.4052002,-2.5552,-2.6852002,-2.7952,-3.0052001,-3.1152003,-3.1152003,-3.1352003,-3.2952,-3.4952002,-3.6452003,-3.7852,-3.9452002,-4.0352,-4.1252003,-4.2552004,-4.3952003,-4.3752003,-4.3952003,-4.3752003,-4.3252,-4.4152,-4.6352,-4.8152003,-4.8252,-4.7752004,-4.6252003,-4.4352,-4.2652,-4.2052,-4.1952,-4.1252003,-3.8552003,-3.4552002,-3.2252002,-3.2552001,-3.5452,-3.7452002,-3.5652,-3.2752001,-3.2452002
2.6147997,2.4648,2.1948,1.9247998,1.7647998,1.3947998,0.9047998,0.5747998,0.4447998,0.3647998,0.2147998,-0.055200197,-0.3052002,-0.5252002,-0.8652002,-1.0452002,-1.0452002,-1.0552002,-1.2552001,-1.4352002,-1.2052002,-1.3752002,-1.8252002,-2.1052003,-2.5052001,-2.5152001,-2.4052002,-2.6052003,-2.7452002,-2.7952,-2.7652001,-2.6952002,-2.6852002,-2.8752003,-3.0252001,-2.9752002,-2.7552001,-2.6652002,-2.8652003,-3.4752002,-4.0152,-4.5352,-4.6052003,-4.3652,-4.3052,-3.8552003,-3.2852,-2.4752002,-1.8452002,-1.3552002,-0.9552002,-0.5552002,-0.1852002,0.0947998,0.22479981,0.3247998,0.37479982,0.5347998,0.3047998,-0.005200195
3.1748,3.0547998,2.8547997,2.8647997,2.4448,2.1547997,1.7947998,1.4847999,1.1247998,0.7747998,0.9747998,1.0447998,1.1147999,1.5147998,2.1447997,1.8947998,1.2147998,1.0247998,0.9747998,0.9947998,1.1547998,1.3347998,1.4047998,1.5947998,1.9647998,2.0647998,1.9347998,1.7447999,1.7347999,1.7047998,1.6347998,1.4947999,1.8447998,2.3747997,2.6447997,3.0147998,3.2547998,3.4847999,3.7447999,3.9248,4.2647996,4.5948,4.8348,5.0548,5.0548,5.1047997,5.5648,5.9848,6.3947997,6.9848,7.1348,7.2247996,7.9347997,8.404799,7.4248,7.1148,7.0347996,7.1247997,8.1648,7.5347996
4.2548,4.2447996,3.4248,2.5247998,3.4047997,3.4648,2.4248,1.7347999,1.2347999,1.1947998,1.6747998,2.1948,3.0147998,4.0848,4.5048,4.9547997,4.9347997,6.5347996,5.7647996,4.3747997,5.3148,4.5448,2.4947999,2.6948,5.1647997,6.9048,7.7647996,7.5948,7.2948,6.5948,6.3048,7.2447996,7.6148,7.5147996,7.2348,7.3448,7.1548,6.9547997,6.9848,6.9448,6.8747997,6.8448,6.6948,6.4747996,5.9648,5.4547997,5.0548,5.0147996,5.3747997,5.6647997,5.5748,5.6047997,5.7748,5.9648,6.2647996,6.2748,6.4347997,7.2548,7.6548,7.5748
5.1447997,6.0147996,6.4147997,5.7847996,4.5448,3.5547998,3.5147998,3.8047998,3.3447998,2.5947998,2.7447999,1.8547997,0.6847998,0.4547998,1.1647998,1.0047998,-0.4652002,0.4247998,1.9847999,1.2547998,1.7547998,2.9248,3.4248,2.7547998,2.4548,2.3747997,1.8547997,0.9847998,0.1847998,0.37479982,0.4947998,0.8747998,1.2847998,1.8347998,2.6247997,3.3047998,4.1948,4.5848,3.7647998,3.5347998,4.0848,5.3148,6.1447997,6.4747996,8.0748,8.8148,9.2048,9.5048,9.7248,9.9548,10.1348,10.3448,10.444799,10.5348,10.7148,10.274799,9.6648,8.8548,7.4747996,6.8848
6.2447996,6.5147996,6.4248,6.1047997,6.5648,6.7148,6.6348,6.0048,6.2548,5.9747996,5.9747996,6.3348,5.5548,5.5848,3.0147998,1.0347998,1.5047998,2.0447998,1.8747998,2.5347998,3.9448,3.8747997,2.8147998,2.9648,4.9048,5.3248,5.4147997,5.6148,6.0048,6.4747996,6.9547997,6.6148,6.1548,5.9248,5.7348,5.8048,5.6647997,5.5748,5.8148,5.9547997,6.1548,6.4147997,6.6647997,6.5948,6.7948,7.2548,7.8248,8.3148,8.7648,9.1348,9.3548,9.4548,9.404799,9.4348,9.4948,9.7648,10.1248,10.3448,10.4648,10.5448
6.0248,6.3547997,6.6948,7.0748,7.4747996,7.6148,7.7847996,7.9048,7.9848,7.9248,8.2248,8.1648,8.3348,8.0948,8.4348,7.6748,6.7348,5.7948,9.2848,11.1048,11.524799,11.5348,11.1448,11.0748,10.904799,10.3647995,9.8647995,9.444799,9.1448,8.9248,8.3148,7.4747996,7.0048,5.9848,4.7247996,3.1347997,2.5947998,2.5347998,1.9847999,1.7147998,2.1447997,2.9147997,3.2547998,3.5747998,3.8847997,4.1447997,4.5248,4.8947997,5.1548,5.2348,5.1748,5.5448,6.2148,6.7148,7.1847997,7.6748,8.234799,8.9548,9.5648,10.2148
4.8947997,5.4747996,6.1948,6.7247996,7.1447997,7.8848,8.234799,8.944799,9.3348,9.3548,9.7048,10.0348,10.1048,10.3748,10.5148,10.774799,11.0148,11.0648,11.3848,11.404799,11.1848,11.1147995,11.1348,10.4748,10.404799,11.1848,10.4948,9.8548,9.8848,6.6047997,5.4448,6.5248,8.0748,7.7948,5.3547997,8.3248,7.5548,6.4147997,6.4147997,5.8648,5.7647996,6.0048,5.7348,5.1148,4.9947996,5.4947996,6.1148,6.7047997,6.9947996,7.2148,7.5048,7.9947996,8.4348,8.5948,8.654799,8.8647995,9.1648,9.4148,9.8048,9.7948
2.7447999,3.5247998,4.3248,5.0648,5.6647997,6.2647996,7.0347996,7.5948,8.1147995,8.6648,8.9548,9.3548,9.7848,10.0048,10.4348,10.2548,10.0448,9.8048,9.8148,10.1147995,9.5048,9.1248,9.4348,9.984799,9.904799,9.2548,8.5048,9.274799,10.9948,11.8848,11.1848,10.7848,11.0448,11.5548,12.0448,9.5448,7.1447997,6.6748,6.3448,6.0748,5.9048,6.0648,6.3648,6.7948,6.4448,6.2548,6.6447997,6.7948,6.1647997,5.6148,5.8947997,6.3148,6.7748,6.9947996,7.0548,6.5248,5.9248,5.4347997,9.3848,5.2247996
2.7947998,3.4548,3.4047997,3.8247998,3.7347999,3.8347998,3.8347998,4.0347996,4.1348,4.4448,5.0147996,5.6247997,6.0448,6.1847997,6.7847996,7.4947996,7.6948,7.4947996,7.6047997,8.1348,9.0348,8.7848,8.6848,8.2048,7.7847996,8.8647995,9.7848,9.7948,9.8848,9.8548,10.6448,11.6648,11.3248,9.7248,9.484799,8.694799,7.6748,7.1847997,6.9547997,6.4947996,6.2647996,7.7548,8.2848,7.9248,7.9048,7.9848,7.9947996,7.7847996,7.5648,7.4747996,7.0948,7.1748,7.5248,8.194799,7.7847996,6.1148,2.1347997,3.2647998,2.3147998,5.4248
-2.1052003,-2.9452002,-3.1552002,-2.7452002,-2.2652001,-1.6952002,-1.1452003,-0.6352002,-0.2552002,0.4247998,1.4347998,2.6748,3.9147997,4.9648,5.8848,6.5048,6.8848,7.4947996,7.8048,8.1848,8.3248,9.404799,10.5948,11.0748,10.8748,10.9348,11.1248,10.904799,10.6448,11.2548,10.5648,10.1348,9.2248,8.5448,7.6247997,7.4248,8.274799,8.774799,8.024799,7.4347997,6.5848,6.8547997,6.9947996,7.1348,7.8848,8.274799,8.444799,8.4148,8.5548,8.7548,8.8048,8.774799,7.7348,4.8448,1.6347998,2.8347998,3.1047997,6.0848,7.9747996,9.6648
-4.0352,-3.7452002,-3.7452002,-3.7752001,-3.2052002,-2.7152002,-2.3352003,-2.5752,-2.5052001,-2.5652,-2.3452003,-1.0252002,0.3347998,1.5947998,3.9248,6.0748,7.3947997,8.0148,8.5948,8.5348,8.7448,8.904799,9.1248,9.1147995,9.5048,9.8948,9.7948,10.0148,10.234799,9.6648,9.2948,8.9248,8.904799,9.3348,9.0348,8.3448,7.6047997,7.1247997,7.3348,7.5548,7.7148,7.9848,8.4348,8.5548,8.5648,8.7048,8.5948,8.4248,8.234799,7.6047997,7.0948,7.0248,4.5648,3.8147998,8.274799,8.7648,7.0248,7.6948,8.2648,10.7248
-6.3052,-4.3452,-2.4352002,-1.3352002,-1.3452002,-0.8152002,0.8847998,2.2247999,2.9648,3.4147997,2.8147998,3.6347997,4.5248,4.7047997,4.9848,5.6647997,6.4547997,7.2948,8.194799,8.8448,9.1848,9.2948,9.484799,9.5048,9.0548,7.8547997,8.524799,8.9348,7.1748,9.1048,9.4548,8.8948,8.4748,8.1848,6.9747996,7.2647996,8.7448,8.8448,8.8448,8.9148,8.8848,8.5848,7.7047997,6.8448,6.9147997,7.3348,7.1948,7.2047997,7.0147996,6.9248,7.3048,7.9448,7.8048,6.5248,5.6948,6.3448,6.3348,5.4048,6.5248,8.2548
-4.4952,-4.2852,-5.4752,-5.8152003,-5.2752004,-4.4852004,-2.9452002,-0.2352002,1.1847998,1.9047998,2.6447997,3.3047998,4.0748,4.6748,5.2748,5.8648,6.2748,7.1247997,7.2247996,4.3248,4.2447996,2.1347997,0.3947998,1.8347998,-0.6752002,-1.2852002,1.4847999,2.2747998,1.8247998,2.8047998,5.9648,9.9948,11.5948,10.3448,9.444799,10.3748,11.1147995,10.984799,10.484799,9.4248,8.3348,7.2847996,6.7348,6.9147997,6.5648,6.7647996,7.0748,7.2348,7.2548,6.9248,6.8848,7.1748,7.1348,6.7447996,4.9147997,4.5448,4.7447996,4.7348,4.5748,3.6647997
-3.9552002,-4.2752004,-4.0852003,-3.7752001,-3.3852003,-2.7452002,-2.2352002,-2.1152003,-1.2852002,-0.7752002,-0.73520017,-1.1052002,-0.3352002,1.0747998,3.4847999,4.2548,2.7048,1.1347998,0.6847998,0.9847998,1.1447998,1.3247998,1.8447998,1.1947998,4.2348,1.8547997,1.2347999,3.1748,7.3547997,3.1748,3.3847997,3.5947998,5.5048,2.8247998,4.6847997,5.8248,5.6847997,8.2148,7.7548,7.2447996,6.4648,6.4448,6.3348,7.0248,6.7748,6.9048,6.1948,6.2348,5.6847997,4.2148,2.7747998,3.8847997,3.6748,3.8947997,3.6447997,4.4248,4.7748,3.8047998,4.1647997,2.6247997
-2.5052001,5.1348,5.0248,3.8447998,4.5048,6.2748,7.6148,6.8547997,6.6447997,6.1148,6.9147997,7.2548,6.9048,3.4248,4.3148,1.7247998,-0.1452002,-0.3852002,0.9247998,2.6147997,0.2347998,0.3047998,0.4847998,0.6447998,1.0247998,1.6047997,2.7247999,2.2048,4.5448,3.4047997,1.1047997,-0.5952002,1.9147998,1.6347998,1.1147999,1.8347998,2.0747998,3.4847999,5.3547997,6.1748,6.8448,5.7847996,6.0347996,4.8648,2.9147997,1.5347998,3.3047998,4.7348,4.6148,3.7048,1.4447998,2.1247997,1.9047998,1.5347998,2.5947998,2.1247997,2.1948,2.0247998,1.3147998,3.4248
5.3248,5.6148,5.2948,4.9347997,4.5248,5.9848,6.0948,6.1847997,5.9747996,6.4248,6.5548,6.7748,7.2548,3.8947997,1.0947998,0.8747998,-0.045200195,2.0047998,1.1047997,0.8147998,0.4647998,1.2647998,0.51479983,0.8947998,0.5747998,0.37479982,0.9047998,1.1347998,0.5047998,0.7347998,1.0247998,1.0347998,1.2447999,1.3447998,1.4247998,2.1647997,1.7747998,3.2547998,2.9847999,3.1647997,3.0247998,4.2748,4.8547997,1.9947999,1.8247998,1.8047998,2.1848,2.0447998,0.3047998,2.9847999,2.5547998,1.5047998,0.6447998,1.1447998,1.3647999,1.1547998,1.6647998,1.4647998,1.9247998,1.6047997
3.8647997,4.9048,5.0147996,4.8747997,5.3648,5.0048,5.6247997,5.8148,5.5648,5.1148,4.5347996,3.9947999,2.4847999,-0.9252002,-0.3052002,0.9447998,2.0547998,0.7547998,0.3847998,0.5347998,0.5047998,-0.2752002,-0.22520019,-0.40520018,-1.9752002,-0.9952002,-0.7052002,-0.11520019,0.70479983,0.8247998,1.2047998,2.7547998,2.2947998,1.8547997,1.9347998,4.8448,4.8947997,5.0248,4.5848,4.1647997,4.0248,0.8947998,0.9247998,0.6347998,0.2947998,0.40479982,0.0947998,-0.095200196,-0.16520019,0.10479981,-0.2552002,0.2847998,0.4647998,0.10479981,-0.065200195,0.4447998,0.114799805,0.2647998,1.0347998,1.6247998
5.3348,5.1247997,4.5347996,4.8747997,3.5647998,3.6047997,3.7747998,2.4947999,1.9347998,2.0347998,0.7747998,-0.5252002,-0.9252002,-1.0552002,-0.54520017,0.31479982,0.054799806,0.5447998,-0.2952002,0.22479981,0.31479982,0.76479983,2.6347997,-2.0052001,-1.2252002,-1.3152002,-1.0152001,-1.1952002,-0.8052002,-0.3152002,0.4147998,0.3647998,0.6247998,1.0247998,1.2647998,2.0947998,2.1547997,0.5547998,1.3047998,0.37479982,-1.5452002,-0.34520018,0.034799803,0.0947998,-0.065200195,-0.3052002,-0.3652002,-0.9152002,-0.6752002,-0.3352002,0.4347998,-0.0852002,-0.1452002,-0.54520017,-0.4552002,0.06479981,-0.2452002,-0.2852002,0.31479982,-0.1552002
4.9048,5.9048,4.5748,2.7547998,2.1247997,2.4448,1.5947998,1.0447998,0.8247998,-0.9052002,-1.8952003,-0.8952002,-1.4052002,-0.9752002,-0.4452002,-0.0852002,-0.1352002,-0.005200195,0.2547998,0.34479982,0.34479982,2.1147997,-1.3052002,-1.1452003,-0.8152002,-1.0052001,-1.0452002,-0.9552002,-1.0552002,-1.0652002,-0.9352002,-0.8252002,-0.8152002,-0.5552002,-0.7252002,-1.0952002,-0.7852002,-1.8352002,-1.6452003,-1.6852002,-1.1852002,-0.9252002,-0.7552002,-1.0052001,-1.1552002,-1.3152002,-0.6752002,-1.4452002,-1.0652002,-1.1552002,-1.3552002,-1.0152001,-1.0052001,-0.34520018,-0.7452002,-0.3552002,-0.6952002,-0.4852002,-0.7152002,-0.9452002
