public/config/2021010606.json
{"header": {"discipline":0,"disciplineName":"Meteorological products","gribEdition":2,"gribLength":77275,"center":7,"centerName":"US National Weather Service - NCEP(WMC)","subcenter":0,"refTime":"2021-01-06T06:00:00.000Z","significanceOfRT":1,"significanceOfRTName":"Start of forecast","productStatus":0,"productStatusName":"Operational products","productType":1,"productTypeName":"Forecast products","productDefinitionTemplate":0,"productDefinitionTemplateName":"Analysis/forecast at horizontal level/layer at a point in time","parameterCategory":2,"parameterCategoryName":"Momentum","parameterNumber":3,"parameterNumberName":"V-component_of_wind","parameterUnit":"m.s-1","genProcessType":2,"genProcessTypeName":"Forecast","forecastTime":0,"surface1Type":103,"surface1TypeName":"Specified height level above ground","surface1Value":10.0,"surface2Type":255,"surface2TypeName":"Missing","surface2Value":0.0,"gridDefinitionTemplate":0,"gridDefinitionTemplateName":"Latitude_Longitude","numberPoints":65160,"shape":6,"shapeName":"Earth spherical with radius of 6,371,229.0 m","gridUnits":"degrees","resolution":48,"winds":"true","scanMode":0,"nx":360,"ny":181,"basicAngle":0,"lo1":0.0,"la1":90.0,"lo2":359.0,"la2":-90.0,"dx":1.0,"dy":1.0}, "data":
[rows 52 to 77 of 181, columns 290 to 347 of 360]
-9.663038,-9.803039,-9.523038,-8.413038,-8.533038,-7.973038,-4.8330383,-0.36303833,3.0969617,5.1269617,5.0569615,5.3369617,3.4569616,9.376962,9.926962,9.406961,7.5169616,5.1369615,3.8269618,2.2769616,0.7869617,4.6369615,4.046962,2.0069616,-0.47303832,-2.0130384,-2.4230382,-3.6230383,-5.6530385,-6.6530385,-5.6230383,-5.3930383,-3.0130384,-3.2330384,0.10696167,-0.93303835,-2.2230384,-4.513038,-5.9230385,-5.823038,-4.9030385,-4.573038,-4.1630383,-2.9930384,-3.3130383,-3.3730383,-3.9330382,-4.0230384,-4.3830385,-4.5030384,-4.203038,-3.7130384,-3.0830383,-3.2530384,-4.2730384,-4.303038,-4.1330385,-4.0930386
-10.343039,-9.113038,-7.2330384,-5.5830383,-4.533038,-2.4230382,-0.55303836,1.7569617,3.0369616,2.1769617,1.9669616,1.4769616,6.426962,8.956962,9.536962,9.776961,7.046962,5.2269616,4.426962,2.9569616,1.2869617,-0.8630383,-0.6030383,1.0669616,2.0569618,0.48696166,-1.7830384,-3.1830382,-4.4230385,-5.573038,-6.7930384,-7.1330385,-7.3330383,-6.5930386,-5.3430386,-5.993038,-5.033038,-7.9230385,-3.0630383,-2.7930384,-5.033038,-3.2630384,-3.3930383,-4.0030384,-3.6030383,-4.573038,-3.8030384,-3.3230383,-3.4730384,-3.7430384,-3.9130383,-3.9030383,-3.9730384,-3.6130383,-3.0330384,-3.2130384,-4.1630383,-3.8730383
-7.303038,-7.5830383,-7.763038,-7.3530383,-5.0430384,-2.7930384,-2.1630383,-1.8130383,-0.94303834,-0.35303834,0.41696167,4.696962,9.176962,9.876962,7.926962,6.9369617,5.5169616,4.676962,4.8369617,2.7369616,1.0969616,-1.2030383,-1.1730384,-1.2130383,-1.2430383,2.4469616,0.74696165,-2.9430382,-4.323038,-4.953038,-5.8730383,-7.263038,-7.5230384,-7.803038,-7.9030385,-7.533038,-6.2730384,-5.8130383,-4.2530384,-3.6730382,-3.0030384,-1.7630383,-3.4630384,-0.42303833,-2.1730382,-0.7230383,-1.4730383,-1.5830383,-2.5030384,-3.1830382,-3.4830384,-4.0230384,-5.3830385,-3.7630384,-4.453038,-4.9230385,-4.8430386,-4.323038
-5.183038,-5.3630385,-6.1230383,-1.5630383,-2.0330384,-1.1130383,-0.25303832,-0.51303834,0.86696166,1.2269616,4.236962,7.9069614,9.016962,7.5869617,6.776962,5.5369616,3.8369617,3.6769617,2.8369617,2.4369617,1.1069617,0.11696167,-0.75303835,-1.6230383,-2.6330383,-2.1130383,-1.6230383,-0.09303833,-2.6430383,-4.1630383,-5.4430385,-5.953038,-6.7330384,-7.5630383,-7.3430386,-7.513038,-6.513038,-5.9430385,-4.9230385,-4.493038,-3.6530383,-0.9730383,-0.6730383,0.02696167,-0.50303835,4.046962,2.9469616,1.0369617,0.30696166,-2.1330383,-3.6130383,-4.9630384,-4.7330384,-5.7130384,-3.7130384,-2.4330382,-1.0230384,0.54696167
-5.9030385,-4.4230385,-4.0430384,-2.1230383,-0.94303834,-1.7030383,-1.8830383,0.16696167,0.87696165,2.5669618,5.276962,6.2269616,5.816962,6.3269615,7.256962,4.3969617,3.1369617,2.3469617,1.5869616,0.48696166,-0.28303832,-0.81303835,-1.3530383,-2.8230383,-3.6030383,-3.6630383,-1.6330383,-0.5330383,-1.4230384,-1.7530383,-4.453038,-5.4830384,-6.4430385,-5.803038,-7.1730385,-7.0230384,-6.3830385,-5.973038,-4.823038,-4.7930384,-2.3830383,1.1469617,2.5869617,2.2769616,0.06696167,-0.25303832,3.3069618,1.8769617,-0.18303832,-0.35303834,-0.33303833,-0.27303833,-1.5630383,3.0169616,2.4369617,2.8669617,5.2869616,5.066962
-2.7430384,-4.1030383,-3.7030382,-1.4130384,-1.7230383,-3.1730382,0.5869617,-0.9830383,1.1269617,2.1069617,4.3469615,4.3569617,2.4469616,6.696962,4.6269617,2.7669616,1.5769616,0.7269617,2.2669616,0.48696166,0.29696167,-0.81303835,-1.8530383,-3.6430383,-3.9830384,-1.2330383,-0.64303833,-1.7930384,-2.6130383,-2.8430383,-1.8230383,-3.4330382,-5.8430386,-6.1230383,-6.303038,-6.053038,-6.5030384,-5.4030385,-3.1930382,-2.4030383,0.60696167,2.0569618,2.4469616,1.2469617,0.05696167,0.00696167,-0.7130383,-0.37303832,1.2869617,0.9069617,2.8569617,1.6069617,2.3769617,0.5869617,2.7269616,5.2469616,7.4969616,7.9569616
-3.6330383,-4.2330384,-3.1430383,-7.8930383,-1.8030384,-2.8330383,-1.2430383,2.1069617,3.1169617,4.8669615,3.7769616,2.6269617,4.196962,3.2169616,2.7069616,1.5269617,1.0669616,3.9669616,3.8869617,2.2469616,1.1469617,-0.38303834,-1.5730383,-2.0130384,-0.70303833,0.6469617,-0.00303833,-1.0130383,-1.7630383,-3.6230383,-3.1430383,-2.1930382,-3.5230384,-5.303038,-6.3530383,-5.513038,-4.203038,-3.4730384,-2.4330382,-0.88303834,0.30696166,1.6669617,1.2569617,0.05696167,-0.12303833,-1.1530384,-0.51303834,1.2869617,0.10696167,2.0969617,2.2569616,2.8669617,6.3969617,5.0869617,4.3269615,4.2869616,6.8269615,8.986961
-1.6830384,-3.5530384,-9.243038,-2.9430382,5.1669617,6.3969617,6.0769615,6.216962,5.3769617,4.4369617,4.006962,3.9369617,4.1069617,3.1069617,1.9069617,4.066962,5.9169617,5.3869615,4.1869617,2.7869616,1.4469616,0.07696167,-0.33303833,0.03696167,0.02696167,-0.24303833,-1.3030384,-1.9230384,-2.4330382,-0.95303833,-1.4830383,-2.6030383,-3.0430384,-4.4630384,-5.3930383,-5.7930384,-4.8130383,-3.6530383,-2.1730382,-0.81303835,0.00696167,-0.37303832,0.24696167,-0.43303832,-0.69303834,-1.0830383,-0.8630383,-0.5430383,-0.17303833,0.75696164,6.8069615,5.5769615,4.3069615,5.0369616,7.7069616,7.3569617,7.7069616,11.346962
-3.2830384,-2.8430383,-0.34303832,2.2469616,4.3769617,3.2069616,3.1369617,2.6369617,2.5069616,2.9569616,2.9769616,3.1969616,4.0869617,5.176962,5.5569615,5.5769615,5.546962,4.696962,3.4569616,3.0169616,1.8869617,0.6369617,0.6569617,-0.42303833,-0.47303832,-0.80303836,-1.6530384,-2.9330382,-0.42303833,-0.6530383,-1.1730384,-1.8130383,-4.1530385,-4.783038,-5.2930384,-4.263038,-3.7530384,-4.0430384,-2.1630383,-2.1530383,-2.1630383,1.0469617,0.31696168,-1.2730384,-1.4630383,-1.1930383,-0.94303834,-0.44303834,0.40696168,0.02696167,3.4169617,7.7469616,6.5169616,7.1669617,8.856961,8.306962,8.856961,7.4569616
-1.0830383,-0.7230383,0.38696167,1.0669616,0.8269617,1.6869617,2.9469616,2.1469617,1.7669617,3.9269617,6.0769615,5.756962,5.816962,5.8969617,4.6869617,5.0969615,4.1069617,3.8169618,2.6069617,1.1569617,0.81696165,0.7669617,-0.18303832,-0.62303835,-0.9030383,-1.1130383,-0.17303833,-0.63303834,-0.39303833,-1.3030384,-2.2230384,-3.1730382,-3.8630383,-4.493038,-4.8330383,-4.1230383,-3.2030382,-2.1730382,-2.7230384,-1.8530383,-0.69303834,0.26696166,-0.7930383,-1.3730383,-1.2930384,-1.0230384,-0.9730383,-0.09303833,0.5169617,-0.09303833,1.6269617,6.6369615,11.176962,11.156961,6.3869615,8.0769615,7.6069617,8.266962
-1.0130383,0.03696167,-0.47303832,-0.8630383,-0.7830383,1.3369616,3.8169618,3.0569618,4.7869616,6.696962,6.6169615,6.296962,5.9969616,4.5369616,4.6369615,2.5869617,2.4669616,1.8369616,1.6369617,-0.04303833,-0.46303833,-0.30303833,-0.69303834,-0.39303833,-0.05303833,0.5369617,-0.36303833,-1.6930383,-1.4130384,-3.1230383,-4.0430384,-4.6430383,-4.533038,-5.0230384,-4.5230384,-3.5430384,-3.5130384,-3.3430383,-2.4030383,-1.9230384,0.6469617,-0.95303833,-1.2430383,-2.1130383,-1.0430384,-0.5330383,0.17696168,1.7269616,0.7069617,1.6069617,3.7569616,6.966962,6.466962,5.7669616,9.356961,8.986961,7.6269617,7.546962
-1.9930383,-1.9530383,-2.7030382,-2.1130383,0.56696165,4.7469616,4.946962,5.4569616,6.1069617,5.6069617,5.3369617,5.2469616,4.4569616,3.5669618,2.6669617,1.0269617,1.4569616,1.1969616,-0.47303832,-0.56303835,-0.7930383,0.36696166,1.8469616,2.0069616,1.8169616,1.3569617,-0.13303833,-1.1930383,-3.3730383,-3.4330382,-4.0430384,-4.1330385,-4.5630383,-4.183038,-4.1730385,-4.5630383,-2.8730383,-1.9630383,-2.2130384,-1.5630383,-1.3930383,-1.3730383,-1.6930383,-1.9330384,-0.39303833,0.81696165,0.5969617,0.29696167,-0.21303833,5.3269615,5.6069617,6.1669617,6.6069617,6.986962,6.9769616,6.3669615,6.966962,4.696962
-3.6030383,-4.5230384,-3.7930384,1.4869617,4.6569614,4.9769616,4.796962,5.1169615,4.5769615,5.2669616,4.4369617,4.3369617,3.6569617,1.9769616,0.79696167,0.22696167,0.81696165,0.91696167,0.27696168,-1.3930383,-2.2930384,-0.48303834,2.1969616,1.5769616,-0.01303833,-1.2730384,-2.2630384,-3.0630383,-3.4430382,-3.7330384,-3.8030384,-4.1230383,-4.283038,-3.8530383,-4.0630383,-2.9930384,-2.6230383,-2.6130383,-3.1430383,-2.7530384,-1.5830383,-0.63303834,-0.14303833,-0.63303834,-1.0830383,-1.4730383,-1.2830384,1.1469617,3.6769617,5.196962,4.966962,6.5369616,7.4369617,6.276962,5.8869615,6.0769615,4.7069616,4.216962
-3.5730383,-4.6330385,3.0469618,4.0769615,4.566962,4.3569617,3.8769617,4.1069617,4.1469617,4.3969617,3.5069616,2.2769616,2.1169617,0.69696164,0.44696167,0.6569617,0.36696166,-0.62303835,-0.89303833,-2.2230384,-2.4730384,1.7469617,2.3869617,1.2169616,-0.89303833,-2.1030383,-2.6630383,-3.4030383,-3.4130383,-3.9230382,-4.3330383,-4.4830384,-4.263038,-4.4630384,-3.8030384,-3.1830382,-3.2230384,-2.9630384,-2.3630383,-1.6730384,-0.95303833,-1.4530383,-2.2330384,-2.2630384,-0.64303833,1.7769617,3.3269618,3.6169617,2.9969616,4.3069615,6.446962,5.716962,5.0769615,4.426962,4.3669615,5.196962,3.2869616,1.3869617
-4.9830384,3.1869617,3.3869617,3.0769618,2.3869617,2.8569617,3.5569618,4.5869617,3.5369616,2.6369617,2.0169616,1.1769617,0.39696166,1.1369617,1.3769617,1.1669617,0.13696167,0.8869617,-0.5230383,-2.8130383,-2.5830383,-0.42303833,-0.05303833,0.6469617,-1.4030384,-2.3230383,-2.4530382,-2.7630384,-2.9230382,-3.6130383,-4.4630384,-5.1330385,-4.6330385,-4.0430384,-3.3630383,-3.0130384,-2.7330384,-2.2330384,-2.1230383,-2.8430383,-2.1430383,-1.6430383,-0.47303832,1.6469617,2.5969617,2.6369617,3.4769616,2.4569616,3.4369617,4.8869615,4.3569617,3.6769617,3.2469616,3.2169616,3.0569618,1.7669617,2.5369616,0.45696166
2.0869617,1.9969617,1.3369616,1.6669617,3.5869617,4.3669615,3.6469617,2.8869617,2.0669618,0.9769617,0.86696166,0.69696164,0.9769617,1.6469617,1.1469617,-0.05303833,-0.45303833,-1.1430383,-0.83303833,-0.57303834,0.50696164,0.50696164,-0.12303833,-1.3430383,-3.0530384,-3.3430383,-3.2530384,-4.3430386,-3.9430382,-2.8030384,-2.5830383,-2.6430383,-3.0930383,-3.9230382,-3.8030384,-3.3730383,-3.2130384,-2.6830382,-1.0330384,1.1969616,1.0169617,0.9069617,1.2569617,0.9569617,1.9769616,1.8369616,0.87696165,3.2669616,4.1069617,3.6869617,3.8269618,3.1169617,2.7969618,2.0269616,0.99696165,0.5969617,-0.7230383,0.91696167
0.07696167,0.8869617,3.1969616,2.3869617,2.3969617,2.0169616,1.2169616,1.7369617,0.68696165,1.4169617,1.1269617,0.75696164,-0.12303833,1.8069617,1.1669617,0.28696167,-0.45303833,-0.74303836,-0.7830383,-0.82303834,-0.95303833,-0.81303835,-0.93303835,-0.76303834,-2.9630384,-2.8830383,-0.95303833,-1.0330384,-2.3730383,-3.5430384,-4.2330384,-3.5730383,-4.1530385,-2.7430384,-2.5430384,-2.0330384,-0.64303833,-0.16303833,0.27696168,0.06696167,0.10696167,-0.03303833,0.99696165,1.0269617,1.0369617,1.0069617,2.4469616,3.1569617,3.0169616,2.7869616,2.2069616,1.6769617,1.0769616,-0.62303835,-1.4230384,0.07696167,-0.04303833,0.10696167
1.5469617,2.0569618,2.0169616,1.1069617,0.68696165,0.54696167,2.7969618,3.1769617,1.6469617,1.1869617,1.9269617,1.4569616,1.4969617,0.62696165,0.7169617,-0.03303833,-0.49303833,-0.18303832,-0.39303833,-0.7330383,-0.7130383,-1.0730383,-0.9830383,-1.5430384,-1.5630383,-0.6730383,-0.89303833,-0.9030383,-1.0430384,-0.49303833,-1.2430383,-0.50303835,0.91696167,-0.23303834,-0.49303833,-0.39303833,-0.74303836,-1.3930383,-1.4630383,-2.1030383,-1.7630383,-1.1930383,-1.0530384,-0.42303833,0.15696166,0.43696168,1.3269616,1.1569617,0.66696167,0.14696167,-0.5930383,-2.0530384,-2.0030384,-1.6730384,-1.1030383,-2.7330384,-1.3630383,-0.02303833
0.30696166,-0.30303833,0.28696167,-1.1630384,1.6169617,1.6669617,2.4869616,1.9869617,1.8069617,1.9869617,1.3369616,-0.33303833,-1.7230383,-0.04303833,-0.20303833,-0.42303833,-0.49303833,0.46696168,0.29696167,0.20696168,0.21696167,0.26696166,-0.08303833,-0.5430383,-1.0730383,-1.6330383,-1.7130383,-1.8030384,-2.1730382,-2.5530384,-2.6630383,-2.7130384,-1.1830384,-2.8030384,-2.5930383,-2.5230384,-2.8630383,-3.2030382,-2.9130383,-1.9530383,-2.2230384,-2.0130384,-1.9030384,-1.3730383,-0.06303833,0.14696167,-0.6530383,-1.3230383,-1.4530383,-1.6530384,-0.32303834,-0.46303833,-1.9230384,-3.1130383,-1.5230384,-1.0330384,-1.8930383,-0.69303834
0.05696167,-0.28303832,-3.0830383,0.29696167,1.2469617,2.2469616,2.5469618,2.9069617,1.7969617,1.4469616,-0.74303836,-1.5230384,1.1269617,-0.7830383,-1.0030383,-0.5430383,-0.15303832,-0.49303833,0.6369617,0.62696165,0.62696165,-0.09303833,-0.35303834,-0.83303833,-1.3030384,-1.8630383,-1.9830383,-2.1630383,-3.2230384,-3.4330382,-3.9730384,-3.4530382,-3.5430384,-4.033038,-4.183038,-4.1030383,-3.7230384,-2.8430383,-2.6430383,-3.3030384,-2.7930384,-2.4130383,-1.9330384,-1.5130383,-2.1830382,-2.9530382,-1.0930383,-1.4630383,-1.7030383,-1.7730384,-3.5230384,-4.533038,-4.3130383,-3.6030383,-2.3130383,-2.6030383,-3.2530384,0.31696168
-6.5930386,-4.303038,-0.45303833,-0.6630383,-1.3630383,0.67696166,-0.7330383,-0.6630383,-0.04303833,-1.0130383,1.1469617,1.1569617,1.3269616,1.0669616,-1.5030383,-1.9130384,-1.5730383,-0.42303833,-1.1730384,-0.25303832,0.04696167,0.07696167,-0.35303834,-1.9630383,-1.8730383,-2.2730384,-2.4930384,-3.1830382,-3.7630384,-4.203038,-4.2930384,-4.5230384,-4.1530385,-3.8230383,-3.3930383,-3.7030382,-3.2430384,-3.5430384,-4.033038,-3.7530384,-4.1630383,-2.7930384,-3.3530383,-1.9230384,-1.9230384,-0.00303833,-0.9830383,-1.8130383,-2.3230383,-1.6030383,-3.1230383,-4.323038,-2.2030382,-3.7830384,-4.6630383,-2.8030384,-2.1230383,-1.1130383
-1.8030384,0.69696164,0.49696168,-0.19303833,-0.57303834,-0.28303832,-1.8630383,-0.28303832,0.62696165,0.23696166,-0.04303833,-0.13303833,0.7269617,-0.42303833,0.10696167,-1.1730384,-0.8630383,-1.0330384,-0.47303832,-0.37303832,-0.7130383,-1.3630383,-1.7730384,-2.0330384,-2.7330384,-3.0530384,-3.2130384,-3.2730384,-3.2930384,-3.4830384,-3.4930384,-3.4230382,-3.9130383,-4.4130383,-4.5930386,-4.3630385,-4.6130385,-4.683038,-4.263038,-3.5830383,-2.5630383,-2.8930383,-2.3430383,-1.4630383,-1.9930383,-2.6830382,-3.3330383,-2.8930383,-3.2430384,-4.933038,-1.1430383,-1.2430383,-3.7530384,-5.803038,-2.2730384,-2.0630383,-1.2230383,-1.6330383
0.36696166,0.43696168,0.26696166,-0.38303834,-0.76303834,-1.3530383,-1.5330384,-0.23303834,-1.5230384,-1.6030383,-1.5630383,-2.4130383,-2.1030383,-2.1330383,-1.8630383,-1.6230383,-1.2330383,-2.7830384,-5.303038,-3.7730384,-3.3230383,-3.9230382,-2.8430383,-3.4430382,-3.1530383,-3.3530383,-3.4130383,-3.6830382,-4.743038,-4.7330384,-4.973038,-4.6030383,-4.6930385,-4.8130383,-4.5030384,-4.723038,-3.9030383,-3.7930384,-3.8730383,-3.4730384,-2.7130384,-2.7430384,-2.0030384,-3.6430383,-2.4130383,-3.5830383,-3.4130383,-1.1830384,-0.38303834,-2.9330382,-4.223038,-5.763038,-4.9430385,-4.763038,-2.8730383,-2.9730384,-3.4130383,-2.2130384
1.1669617,0.35696167,-0.8630383,-1.7230383,-2.0830383,0.00696167,-0.51303834,-0.75303835,-0.33303833,-0.45303833,-1.7530383,-2.7130384,-3.3730383,-2.9730384,-2.4830384,-2.1230383,-3.1630383,-3.9630384,-3.8330383,-2.9130383,-3.8530383,-3.3230383,-2.8430383,-4.743038,-4.8830385,-4.8830385,-5.683038,-4.493038,-3.6430383,-3.7030382,-4.183038,-4.683038,-4.533038,-4.6530385,-4.4430385,-3.6030383,-4.513038,-3.8530383,-2.6830382,-2.5630383,-2.9030383,-3.8630383,-3.2130384,-1.1730384,-0.46303833,-2.1530383,0.5269617,-2.4730384,-4.0930386,-4.8430386,-5.703038,-6.6430383,-6.2130384,-3.7730384,-4.1130385,-3.4730384,-3.0030384,-1.3730383
-1.2530383,-0.40303832,-1.1530384,-2.0330384,-2.0730383,0.40696168,0.99696165,-0.33303833,-1.0930383,-1.6430383,-2.0330384,-2.9730384,-2.6430383,-2.6230383,-3.6630383,-3.3030384,-2.7530384,-3.2830384,-1.9130384,-3.0030384,-3.7930384,-3.9130383,-4.7130384,-4.2730384,-6.1030383,-5.533038,-2.7630384,-3.2030382,-4.1230383,-3.6730382,-4.0430384,-4.3530383,-4.7130384,-4.4030385,-4.2530384,-4.3630385,-3.8230383,-3.3230383,-2.3730383,-2.1830382,-2.0530384,-1.8730383,-2.3430383,-1.4030384,-1.7830384,-2.3030384,-4.053038,-5.553038,-5.4230385,-6.013038,-6.683038,-6.6330385,-5.6930385,-4.263038,-0.44303834,0.34696168,-0.29303834,-1.1130383
-1.3030384,-1.0030383,-0.33303833,-0.8430383,0.05696167,0.27696168,-0.55303836,-2.2630384,-2.5130384,-3.0330384,-2.7030382,-2.6430383,-3.4830384,-3.6030383,-3.0230384,-2.5930383,-2.9230382,-2.6730382,-2.9330382,-3.2830384,-3.9830384,-4.0630383,-4.3830385,-4.2930384,-1.5730383,-2.1530383,-3.0830383,-3.8330383,-3.9430382,-3.6130383,-4.0930386,-4.0830383,-3.9330382,-4.0430384,-3.8430383,-2.9130383,-2.3930383,-2.2130384,-2.4430382,-2.2430384,-2.1730382,-2.8030384,-2.9730384,-3.1530383,-3.3830383,-3.6730382,-4.9830384,-6.0430384,-6.033038,-5.9130383,-6.433038,-5.743038,-4.6630383,-1.3130383,-1.3030384,-0.9130383,0.21696167,0.07696167
