public/config/2021010700.json
{"header": {"discipline":0,"disciplineName":"Meteorological products","gribEdition":2,"gribLength":77450,"center":7,"centerName":"US National Weather Service - NCEP(WMC)","subcenter":0,"refTime":"2021-01-07T00:00:00.000Z","significanceOfRT":1,"significanceOfRTName":"Start of forecast","productStatus":0,"productStatusName":"Operational products","productType":1,"productTypeName":"Forecast products","productDefinitionTemplate":0,"productDefinitionTemplateName":"Analysis/forecast at horizontal level/layer at a point in time","parameterCategory":2,"parameterCategoryName":"Momentum","parameterNumber":3,"parameterNumberName":"V-component_of_wind","parameterUnit":"m.s-1","genProcessType":2,"genProcessTypeName":"Forecast","forecastTime":0,"surface1Type":103,"surface1TypeName":"Specified height level above ground","surface1Value":10.0,"surface2Type":255,"surface2TypeName":"Missing","surface2Value":0.0,"gridDefinitionTemplate":0,"gridDefinitionTemplateName":"Latitude_Longitude","numberPoints":65160,"shape":6,"shapeName":"Earth spherical with radius of 6,371,229.0 m","gridUnits":"degrees","resolution":48,"winds":"true","scanMode":0,"nx":360,"ny":181,"basicAngle":0,"lo1":0.0,"la1":90.0,"lo2":359.0,"la2":-90.0,"dx":1.0,"dy":1.0}, "data":
[rows 26 to 51 of 181, columns 116 to 173 of 360]
-1.9707642,0.87923586,2.0392358,2.199236,2.2792358,2.169236,3.3292358,2.0492358,0.39923584,1.4492358,1.9992359,2.2892358,0.18923584,0.36923584,-0.54076415,-7.641602E-4,0.32923585,0.42923585,2.0192358,1.8692359,1.9192358,3.3992357,2.3892357,0.01923584,0.37923583,1.4092358,2.409236,0.18923584,0.52923584,-0.02076416,-0.49076417,-0.42076415,0.37923583,1.2492359,0.89923584,2.209236,2.1292357,2.0592358,1.3192358,0.40923584,1.3292358,0.68923587,0.31923583,-0.16076416,-1.4007641,-1.8907641,-3.2307642,-2.2607641,-0.48076415,-0.34076416,-0.15076417,-0.50076413,0.25923583,0.40923584,1.0192358,1.5792358,1.1992358,0.21923584
0.25923583,1.3392358,2.8792357,2.8392358,2.3692358,2.8292358,4.4192357,2.689236,2.479236,3.439236,1.2192359,-0.01076416,-0.26076415,-0.5107642,-0.7607642,-0.50076413,-0.34076416,-0.10076416,0.17923585,0.32923585,0.7392358,0.70923585,0.57923585,0.35923585,0.03923584,0.44923583,0.40923584,0.8592358,0.45923585,0.27923584,-1.1107641,-0.61076415,-0.27076417,0.87923586,-0.02076416,-0.33076417,1.7292359,1.4092358,1.7492359,1.3192358,0.95923585,-0.42076415,-1.0607642,-3.050764,-3.800764,-2.6707642,-2.6507642,-2.9607642,-2.2007642,-1.6007642,0.52923584,-0.02076416,-0.78076416,-0.5807642,0.08923584,-0.02076416,-0.40076417,-0.45076415
1.6092359,1.8592359,2.449236,2.189236,2.1292357,2.3892357,2.0992358,2.0992358,1.9992359,1.6092359,1.2592359,0.9292358,0.24923584,0.13923584,-0.93076414,-0.14076416,0.18923584,0.7392358,0.9292358,1.1892358,1.2392359,1.5592358,0.26923585,-0.34076416,-0.14076416,0.04923584,-2.020764,0.43923584,-0.23076417,-0.71076417,-1.4907641,-0.7007642,-0.40076417,-1.0107641,1.6892358,0.89923584,0.62923586,1.6392359,1.7692358,1.0192358,-2.270764,-3.3807642,-2.4607642,-2.6807642,-2.8907642,-1.0307641,-0.79076415,-1.0607642,-2.800764,-0.56076413,-0.75076413,-0.61076415,-1.4707642,-1.7007642,-1.8307642,-1.4607642,-0.90076417,-3.1107643
1.6992358,1.1492358,0.76923585,1.1492358,0.94923586,1.8092358,2.0792358,1.7492359,1.8392358,1.4992359,1.2892358,0.74923587,0.6092358,0.07923584,0.12923583,0.41923583,0.7992358,0.6192358,1.1092359,1.3892359,1.0592358,0.94923586,0.83923584,-0.6907642,-1.2307642,-1.4007641,-1.1307641,-2.1407642,-0.55076414,-3.9207642,-2.6407642,-4.3107643,-3.6907642,-3.070764,-0.6407642,-0.6907642,-1.6507641,-0.42076415,-2.9607642,-3.8807642,-2.1207643,-2.830764,-3.3507643,-4.030764,-1.3407642,-1.0507642,-0.74076414,-2.9107642,-1.8307642,-1.2607641,-3.0107641,0.29923585,-0.33076417,-1.9107642,-1.2707641,-0.91076416,-2.2507641,-3.7307642
1.0592358,1.4092358,1.4492358,1.7392359,1.9992359,1.5692358,1.5192358,1.1192359,0.93923587,0.52923584,0.26923585,0.30923584,0.49923584,0.45923585,0.48923585,0.62923586,0.34923583,0.64923584,0.6092358,0.89923584,1.1192359,0.35923585,-1.3507642,0.6192358,0.45923585,-0.73076415,0.14923584,-3.4307642,-1.5507642,-1.5407642,-2.090764,-3.1907642,-1.6107641,-3.310764,-3.300764,-1.9707642,-1.9507642,-2.9407642,-1.3107642,-1.6907642,-4.420764,-5.200764,-4.940764,-3.4707642,-3.790764,-3.9107642,1.0092359,-1.8007642,-4.860764,-1.8907641,-7.460764,-4.160764,-6.160764,-6.990764,-3.540764,-4.880764,-4.440764,-6.2707644
3.2892358,1.3792359,1.7292359,1.5592358,1.0292358,1.4192358,1.8892359,0.89923584,1.1492358,0.84923583,0.62923586,-0.6307642,-0.12076416,1.1092359,1.0092359,0.56923586,-0.02076416,-1.2207642,-0.49076417,-0.13076416,-0.35076416,-0.44076416,-0.09076416,-0.16076416,0.44923583,-0.40076417,-2.4407642,-2.290764,-3.4207642,-1.4607642,-2.3507643,-3.7307642,-3.6507642,-4.220764,-6.0007644,-5.130764,-1.9107642,-2.070764,-2.830764,-5.8707643,-8.210764,-7.0207644,-5.7907643,-3.9607642,-0.54076415,0.28923583,-1.6607642,-2.8907642,-4.8107643,-6.490764,-7.8107643,-4.960764,-5.180764,-4.840764,-0.10076416,-3.6707642,-2.6807642,-6.650764
3.5292358,3.229236,5.039236,2.3292358,3.2392359,2.2592359,0.48923585,0.01923584,0.96923584,0.49923584,-0.59076416,0.32923585,0.5592358,-1.7607641,-2.9107642,0.38923585,0.44923583,0.07923584,-0.29076415,-1.7407641,-1.3907641,0.13923584,0.50923586,0.16923584,-3.6007643,-5.640764,-4.180764,-4.710764,-4.380764,-4.880764,-5.950764,-6.890764,-6.130764,-5.410764,-4.3107643,-2.030764,-3.6407642,-4.5807643,-6.5207644,-6.940764,-7.090764,-1.8807641,0.83923584,-0.5107642,-0.50076413,-0.55076414,-0.7007642,-3.280764,-6.670764,-6.110764,-6.5607643,-6.110764,-4.030764,-4.2907643,-2.7007642,-4.7707644,-1.2207642,-0.61076415
0.42923585,1.7792358,-0.93076414,2.189236,-0.73076415,0.78923583,0.5492358,0.88923585,0.38923585,-1.2507641,-0.78076416,-3.1607642,-4.6007643,-2.9707642,-0.71076417,0.52923584,0.20923585,-0.04076416,-0.21076415,0.5492358,0.17923585,-1.4807642,-4.5407643,-4.740764,-3.810764,-3.5007641,-4.970764,-5.260764,-5.8107643,-6.3107643,-7.820764,0.14923584,0.52923584,-3.8707643,-4.450764,-4.1007643,-5.3307643,-5.5607643,-6.130764,-4.4807644,-5.0607643,-0.53076416,-1.4107642,-0.49076417,0.74923587,-0.78076416,-0.43076417,-5.6007643,-5.7307644,-5.5607643,-6.610764,-6.0807643,-4.740764,-4.010764,-4.010764,-3.1107643,-2.9107642,-4.140764
-2.6007643,-3.8807642,-7.641602E-4,0.32923585,-1.5107641,-2.1607642,-2.4407642,-2.6607642,-3.5007641,-5.650764,-3.1807642,-3.4907641,-2.4007642,-2.6407642,-1.8307642,-0.33076417,-0.34076416,-0.55076414,-2.090764,-1.6207641,-3.7307642,-3.3807642,-1.0707642,-2.6807642,-3.1707642,-2.9307642,-3.8607643,-5.7307644,-6.280764,-7.5207644,-7.6007643,-7.490764,-3.7207642,-5.470764,-5.510764,-5.1207643,-3.3807642,-4.050764,-4.5407643,-2.800764,-1.5507642,0.64923584,2.1292357,0.20923585,0.42923585,0.25923583,-2.6607642,-5.8107643,-5.300764,-1.7707641,-0.31076416,0.20923585,-0.5107642,-0.73076415,-1.2907642,-2.9207642,-4.200764,-5.400764
-0.01076416,0.68923587,0.76923585,-0.7007642,-0.15076417,-0.8207642,0.17923585,-1.9807642,-2.1107643,-0.8307642,-0.97076416,-1.8207642,-2.5107641,-2.0007641,-1.0307641,-1.8907641,-3.1307642,0.24923584,-1.5907642,-3.330764,1.3792359,0.16923584,0.27923584,-1.8007642,-2.4207642,-4.0007644,-4.680764,-4.8507643,-8.280765,-9.370764,-9.450764,-9.750764,-5.650764,-4.2907643,-5.320764,-3.2607641,-4.440764,-5.890764,-3.2107642,1.6292359,1.1692358,1.5492358,0.64923584,0.81923586,-0.93076414,-0.08076416,-1.1507641,-6.910764,7.469236,2.679236,2.8792357,1.4792359,-1.4807642,-2.4807642,-2.6307642,-3.9507642,-6.340764,-2.8607643
-0.36076415,-0.60076416,-0.93076414,-2.080764,-3.1207643,-3.2107642,-0.97076416,-1.4007641,-2.030764,-2.1207643,-2.8907642,-3.4807642,-3.0007641,-2.4507642,-0.93076414,0.47923583,0.23923583,1.2292359,1.2692358,0.38923585,-0.8807642,1.6492358,-1.5007641,-0.36076415,-0.10076416,-5.1007643,-5.420764,-2.8907642,-6.5607643,-8.960764,-9.510764,-9.840764,-9.130764,-3.7607641,-0.32076415,1.2792358,-0.33076417,-0.5107642,-0.7607642,-1.0407642,5.009236,0.6092358,1.1592358,-0.5207642,-0.93076414,3.4892359,5.409236,5.7292356,5.289236,3.5492358,1.0592358,-1.7207642,-0.8907642,-3.1607642,-3.2607641,-3.060764,-1.0007641,-0.09076416
-1.8107642,-2.1907642,-0.15076417,0.06923584,-0.5707642,-0.54076415,-0.86076415,-0.08076416,-1.1207641,-0.96076417,-1.9007641,-2.1207643,-1.5907642,-1.7307642,-0.7607642,-0.05076416,-0.40076417,0.42923585,0.63923585,0.23923583,-0.41076416,0.51923585,-0.5107642,-0.55076414,0.19923584,-1.8507642,-4.610764,-4.940764,-6.6207643,-6.610764,-9.960764,-9.870764,-8.910764,-10.120764,1.7992358,0.47923583,-2.290764,-4.140764,-2.7207642,-1.0707642,2.699236,-1.2007642,-0.17076416,-2.280764,2.0592358,3.5392358,2.3592358,5.4192357,3.8692358,3.0192358,1.3092358,-0.34076416,-1.5707642,-4.5407643,-3.550764,-5.8507643,0.51923585,2.6392357
0.05923584,0.11923584,-0.34076416,-0.59076416,-1.2507641,-0.73076415,-0.46076417,-0.7607642,-0.55076414,-1.2907642,-1.9807642,-2.3807642,-2.550764,-1.7907642,-0.66076416,0.15923584,0.36923584,-0.42076415,0.15923584,-0.41076416,-0.5707642,0.12923583,0.34923583,-0.41076416,-1.0307641,-0.39076415,-2.790764,-3.840764,-6.240764,-6.610764,-6.920764,-9.310764,-9.640764,-7.970764,-1.2807641,-2.6807642,-5.2307644,-5.210764,-8.300764,-7.720764,2.8392358,-0.75076413,-1.5707642,3.7792358,3.5192358,4.3992357,3.5492358,3.5492358,2.3292358,1.2192359,1.1292359,0.62923586,-0.66076416,-2.290764,-1.3707641,-0.47076416,0.8592358,-0.21076415
-2.2107642,-2.020764,-1.2807641,-1.8107642,-1.0107641,-1.5107641,-0.53076416,-0.6407642,-0.6907642,-0.8807642,-1.5907642,-1.8507642,-2.4407642,-1.8307642,-0.84076416,0.03923584,0.39923584,0.90923584,-0.46076417,1.0292358,0.13923584,-0.11076416,-0.02076416,-0.06076416,-0.19076416,-4.340764,-3.4307642,-1.5907642,-8.210764,-7.2907643,-6.220764,-5.400764,-8.330764,-6.530764,-2.770764,-3.3707643,-5.7307644,-4.690764,-6.890764,2.469236,4.6892357,9.039236,8.879236,6.779236,5.199236,3.669236,2.699236,2.459236,1.9192358,0.5592358,0.83923584,0.28923583,0.81923586,-1.1307641,-0.6407642,-0.17076416,-0.03076416,-0.21076415
-4.660764,-1.7307642,-0.71076417,0.26923585,-0.13076416,-0.34076416,-0.07076416,-0.8207642,-0.61076415,-0.96076417,-1.4207642,-1.9207642,-1.9207642,-1.3607641,-0.49076417,-0.21076415,0.39923584,-7.641602E-4,-0.60076416,-0.80076414,-0.8207642,-0.45076415,0.06923584,0.52923584,0.23923583,-4.550764,-6.670764,-4.9807644,-3.290764,-7.180764,-6.1207643,-4.890764,-4.550764,-2.520764,-0.60076416,-2.1307642,-5.940764,-4.440764,-2.520764,2.5492358,5.869236,7.239236,6.6492357,5.079236,4.969236,3.8992357,2.0192358,0.7292358,0.32923585,-0.54076415,0.19923584,-1.2207642,-0.56076413,-1.8507642,-1.5707642,-0.78076416,-1.4407642,-2.320764
-5.190764,-6.9807644,-1.0407642,0.03923584,1.7792358,0.26923585,-0.7607642,-0.48076415,-0.86076415,-0.90076417,-2.0107641,-1.2107642,-1.6707642,-1.4707642,-1.6007642,-0.16076416,-0.16076416,-0.08076416,-1.3307642,-0.56076413,-0.72076416,-7.641602E-4,0.12923583,0.65923584,-0.65076417,-7.390764,-3.4007642,-3.4007642,-6.0407643,-3.040764,-6.410764,-4.950764,-3.0007641,-2.0007641,-1.2807641,-0.27076417,0.39923584,1.0792358,1.9892359,2.8492358,3.949236,4.069236,3.6192358,2.2892358,3.5892358,3.219236,1.8492359,0.6092358,-1.1307641,1.2992358,1.0792358,-1.0707642,-1.5607642,-6.710764,2.7692358,1.8392358,1.7092358,-0.8207642
-3.9807642,-1.6307641,-0.65076417,0.81923586,2.2392359,-0.98076415,-1.6607642,-2.5007641,-1.7307642,-2.0107641,-2.840764,-1.7007642,-1.4407642,-0.5807642,-1.8607641,-3.9707642,-2.1807642,-0.81076413,-1.2607641,-0.16076416,-0.35076416,0.51923585,0.7292358,0.26923585,-6.700764,-7.3507643,-3.4907641,-3.6807642,-2.7107642,-2.820764,-3.6307642,-1.7907642,0.02923584,0.43923584,0.28923583,-0.15076417,-0.11076416,0.03923584,0.50923586,1.0592358,1.5092359,1.6392359,1.6592358,1.5692358,2.1492357,3.409236,0.34923583,-0.62076414,-0.90076417,0.10923584,1.9692359,-0.27076417,-0.81076413,-3.1107643,-0.36076415,4.319236,3.229236,0.36923584
-2.1207643,-0.30076417,0.21923584,-0.93076414,-4.160764,-0.42076415,-0.49076417,-2.770764,-2.1907642,-0.8907642,-1.9107642,-1.5107641,0.34923583,-0.13076416,-0.13076416,-1.8807641,-2.090764,-0.62076414,-1.3307642,-0.62076414,-0.41076416,-0.16076416,0.06923584,-7.670764,-5.3307643,-4.5807643,-1.9907641,-3.290764,-4.1207643,-3.1707642,-3.340764,-1.6207641,-1.2507641,-1.0607642,-0.75076413,-0.53076416,-0.79076415,-0.68076414,-0.12076416,0.27923584,0.6792358,1.0992359,0.8592358,0.89923584,0.47923583,0.33923584,-0.86076415,-0.8307642,-1.2207642,-2.6807642,-0.04076416,-0.81076413,-2.9807642,-1.4907641,2.7692358,5.699236,2.979236,-0.27076417
-1.9407642,-3.020764,-4.890764,-4.6207643,-2.9607642,-1.0107641,-2.780764,-2.1207643,-1.8307642,-1.0607642,-0.66076416,-0.14076416,0.10923584,2.409236,1.3292358,-1.2707641,0.35923585,-2.580764,0.16923584,0.35923585,0.33923584,0.35923585,-4.440764,-11.080764,3.7792358,-1.0907642,-2.1107643,-4.5407643,-5.3107643,-5.0807643,-2.5107641,1.9492358,3.159236,3.5592358,2.209236,1.7592359,0.41923583,0.40923584,-0.09076416,-0.10076416,-0.03076416,-0.39076415,0.23923583,-0.93076414,0.17923585,-0.6407642,-1.9107642,-0.25076416,-0.86076415,-3.4107642,-0.7607642,-2.290764,-2.2007642,3.6092358,7.2292356,5.8792357,2.6492357,-0.66076416
0.51923585,0.56923586,0.52923584,-2.0007641,-4.950764,-5.180764,-3.8907642,-1.6507641,-0.09076416,1.0792358,-0.11076416,0.84923583,1.2892358,-0.84076416,2.0192358,0.63923585,-3.330764,-2.9307642,-0.59076416,-0.07076416,-1.4507642,-3.9507642,-7.3507643,3.2392359,1.1192359,1.6792358,0.70923585,1.7792358,3.1392357,2.8592358,4.219236,5.059236,2.6492357,2.1192358,2.1492357,1.0092359,0.8092358,1.0192358,0.58923584,-0.09076416,-0.59076416,-0.81076413,-0.62076414,-0.26076415,-0.25076416,-1.3507642,-2.2207642,-3.1607642,-2.8507643,-1.2607641,-3.4707642,-4.0807643,-5.010764,-1.6107641,8.929235,4.4792356,2.1292357,-0.16076416
1.1692358,0.7292358,-2.9407642,-0.87076414,-0.49076417,-0.05076416,0.35923585,0.5492358,0.43923584,1.6492358,-0.06076416,0.64923584,-0.80076414,1.4292358,-2.4307642,-1.6607642,-3.6707642,-2.580764,-1.2307642,-1.3207642,-4.440764,-6.0807643,-3.8807642,-0.78076416,-1.4407642,-3.060764,-0.04076416,0.43923584,0.59923583,-0.12076416,4.9592357,3.479236,4.049236,2.5792358,1.0992359,0.71923584,0.29923585,0.69923586,0.36923584,-0.61076415,-1.3007642,-0.9407642,-1.2007642,-1.4807642,-2.9507642,-4.2907643,-5.130764,-3.6107643,-1.7107642,-3.7507641,-4.190764,-4.4807644,-3.550764,-1.9307642,5.199236,4.589236,1.3292358,-0.8807642
-1.9207642,-0.59076416,0.09923584,-4.390764,-3.840764,-1.3207642,-2.050764,-2.7507641,-0.73076415,0.03923584,-0.22076416,-0.33076417,-0.35076416,-1.5107641,-1.7307642,-2.9507642,-11.590764,-4.360764,-3.9807642,-8.640764,-9.840764,-6.680764,-3.840764,-5.1207643,-5.410764,-1.9707642,-3.4407642,-1.5107641,-3.9407642,-0.12076416,3.8792357,3.2992358,2.5792358,2.939236,1.7092358,1.6092359,1.5092359,1.4992359,0.53923583,-0.08076416,-1.2207642,-2.6507642,-4.4807644,-5.320764,-5.970764,-5.210764,-4.8107643,-4.470764,-4.820764,-4.7707644,-4.0407643,-4.510764,-3.9607642,-1.9207642,2.419236,1.3392358,-0.47076416,-1.6807642
-4.670764,-7.590764,0.64923584,0.34923583,-2.4907641,-5.820764,-3.6407642,-2.8607643,-0.99076414,-0.36076415,-0.49076417,-1.0207641,-0.10076416,-0.6307642,-6.650764,-13.890764,-15.8607645,-12.880764,-12.090764,-13.230764,-11.690764,-8.470764,-6.7507644,-7.630764,-4.840764,-8.430764,-13.520764,-4.360764,1.6592358,2.0092359,5.469236,4.079236,3.6292357,3.5092359,3.2992358,2.909236,2.0592358,0.81923586,-0.8307642,-3.090764,-3.840764,-4.200764,-5.710764,-6.710764,-7.110764,-6.550764,-4.8707643,-3.4407642,-4.6207643,-5.910764,-5.610764,-4.630764,-0.9407642,-1.0107641,-3.1407642,-4.170764,-4.0607643,-3.4407642
-2.5007641,0.90923584,-0.23076417,0.23923583,-0.12076416,-1.9807642,-4.140764,-2.8607643,-2.6607642,-1.5307641,-2.1707642,-0.9507642,-2.1707642,-2.1007643,-13.800764,-17.540764,-18.300764,-18.620764,-15.680764,-15.700764,-7.930764,-5.800764,-5.920764,-11.930764,-7.0407643,-5.7507644,-9.580764,8.979236,7.609236,7.699236,4.659236,4.4392357,4.469236,4.429236,3.5692358,4.3792357,2.159236,-0.97076416,-2.4107642,-4.760764,-6.320764,-6.280764,-8.420764,-9.550764,-7.630764,-4.470764,-3.320764,-3.1007643,-4.440764,-5.510764,-5.210764,-5.910764,-6.450764,-6.050764,-6.4807644,-6.510764,-8.780765,-7.430764
0.84923583,-0.18076415,-0.38076416,-1.9707642,-4.300764,-7.320764,-5.150764,-0.56076413,-4.090764,-2.1907642,-3.9407642,-1.0707642,-2.3707643,-6.200764,-15.540764,-19.700764,-21.620764,-23.770763,-16.910765,-1.2107642,-5.840764,-4.5607643,-6.800764,-8.980764,-1.8407642,-1.0807642,-1.9607642,3.199236,2.969236,13.669236,14.359236,9.919236,8.179235,7.2092357,5.619236,3.5192358,1.4992359,1.8792359,-0.96076417,-2.1607642,-3.1407642,-5.240764,-7.530764,-5.6007643,-3.280764,-3.9507642,-5.390764,-6.3107643,-8.6107645,-8.350764,-8.820765,-8.150764,-9.940764,-11.180764,-13.700764,-11.620764,-11.480764,-10.430764
2.3992357,2.5592358,-5.450764,-5.710764,-8.780765,-3.090764,-7.550764,-9.230764,-9.970764,-9.670764,-3.320764,0.95923585,-0.46076417,-4.940764,-12.450764,-18.450764,-21.580765,-8.670764,2.459236,0.50923586,4.679236,6.609236,2.9992359,-8.160764,0.00923584,0.94923586,2.179236,0.9292358,6.219236,10.669236,9.369236,9.279236,7.329236,5.319236,4.2292356,0.00923584,-0.37076417,-0.54076415,0.37923583,1.7292359,-0.45076415,-3.4407642,-5.760764,-6.530764,-8.000764,-8.290764,-8.810764,-9.290764,-9.890764,-13.950764,-10.6107645,-13.220764,-12.850764,-13.630764,-12.660764,-13.950764,1.3592359,7.589236
