public/config/2021010700.json
{"header": {"discipline":0,"disciplineName":"Meteorological products","gribEdition":2,"gribLength":77339,"center":7,"centerName":"US National Weather Service - NCEP(WMC)","subcenter":0,"refTime":"2021-01-07T00:00:00.000Z","significanceOfRT":1,"significanceOfRTName":"Start of forecast","productStatus":0,"productStatusName":"Operational products","productType":1,"productTypeName":"Forecast products","productDefinitionTemplate":0,"productDefinitionTemplateName":"Analysis/forecast at horizontal level/layer at a point in time","parameterCategory":2,"parameterCategoryName":"Momentum","parameterNumber":2,"parameterNumberName":"U-component_of_wind","parameterUnit":"m.s-1","genProcessType":2,"genProcessTypeName":"Forecast","forecastTime":0,"surface1Type":103,"surface1TypeName":"Specified height level above ground","surface1Value":10.0,"surface2Type":255,"surface2TypeName":"Missing","surface2Value":0.0,"gridDefinitionTemplate":0,"gridDefinitionTemplateName":"Latitude_Longitude","numberPoints":65160,"shape":6,"shapeName":"Earth spherical with radius of 6,371,229.0 m","gridUnits":"degrees","resolution":48,"winds":"true","scanMode":0,"nx":360,"ny":181,"basicAngle":0,"lo1":0.0,"la1":90.0,"lo2":359.0,"la2":-90.0,"dx":1.0,"dy":1.0}, "data":
[rows 26 to 51 of 181, columns 116 to 173 of 360]
2.728036,1.7280359,1.2680359,1.9080359,1.8880359,1.5480359,1.0380359,-0.06196411,-2.1419642,-3.601964,-4.351964,-3.2019641,-1.8019642,-1.0519642,-0.95196414,-0.8719641,-0.5519641,-0.47196412,0.03803589,-0.06196411,-0.8119641,-0.4819641,0.97803587,0.43803588,0.60803586,-0.031964112,-0.4919641,-0.08196411,1.2780359,-0.20196411,0.5280359,0.79803586,1.7780359,1.6980358,0.9680359,1.9080359,-1.791964,-0.9719641,-0.4219641,0.008035889,0.39803588,-0.41196412,-0.5019641,0.46803588,0.7180359,0.018035889,1.7380359,1.7680359,1.1580359,1.3880359,1.5980359,2.168036,1.3180358,1.9180359,1.7580359,1.2380359,0.5180359,2.3080359
4.188036,2.8880358,2.738036,3.658036,3.3580358,3.438036,5.278036,2.8280358,1.9180359,2.1080358,-0.23196411,-1.5319641,-2.021964,-1.6219641,-1.1819642,-1.411964,-1.3119642,-1.2819641,-1.3219641,-1.4619641,-1.2019641,-1.2119641,0.39803588,0.068035886,0.03803589,0.04803589,-0.52196413,-0.4519641,-0.4319641,0.46803588,0.7680359,0.60803586,0.8180359,1.9680359,-0.47196412,0.1980359,-0.2619641,-0.70196414,0.15803589,0.2980359,-0.4019641,-0.12196411,0.6980359,0.9380359,-0.31196412,0.6780359,0.5580359,-0.18196411,-0.83196414,1.2280359,0.1980359,-0.3019641,-0.28196412,0.09803589,0.30803588,1.3980359,1.5080359,1.4880359
5.938036,4.9880357,4.208036,4.248036,3.8280358,3.7780359,4.118036,3.268036,2.678036,2.258036,2.3380358,1.8280358,2.228036,1.4080359,-0.5019641,-0.21196412,-0.21196412,0.15803589,-0.13196412,-0.6819641,-0.41196412,-0.25196412,0.33803588,0.4480359,0.6880359,-1.4219642,-1.4019641,-1.2119641,-0.23196411,0.8780359,0.068035886,0.09803589,0.53803587,1.0580359,1.3580359,-0.10196411,0.7780359,1.1680359,-0.5119641,0.2580359,-0.2619641,2.8680358,-0.23196411,0.5080359,-1.5819641,-1.8119642,1.1480359,0.27803588,-0.47196412,-0.13196412,-0.6619641,0.2980359,-0.5919641,-0.09196411,-0.15196411,-0.16196412,2.0280359,2.248036
6.898036,5.778036,5.878036,4.848036,4.458036,2.5380359,3.968036,3.228036,3.3380358,3.1280358,2.438036,2.3880358,2.448036,2.768036,2.188036,1.7780359,0.6880359,0.8280359,0.42803589,-0.41196412,-0.7219641,0.5180359,-0.3619641,0.7580359,2.0980358,0.78803587,0.2480359,-1.2819641,-0.3319641,-0.6119641,-1.7019641,-1.8619641,-1.0819641,-0.6119641,-0.8019641,0.058035888,-1.0319641,0.3780359,0.30803588,1.8480359,1.7580359,-0.6719641,-0.05196411,-1.6219641,-0.44196412,-0.04196411,-1.3919641,-0.6219641,-0.8219641,-0.05196411,0.9680359,-0.5519641,0.8780359,1.1780359,-0.5019641,-0.23196411,1.5780358,-0.7519641
3.1080358,-0.2219641,1.7380359,2.1380358,1.6980358,2.678036,3.728036,3.5380359,3.3480358,2.958036,3.0780358,3.0880358,3.0780358,3.148036,2.988036,2.0480359,1.9280359,1.3780359,1.5480359,0.6180359,0.21803589,1.5380359,1.6980358,1.8780359,1.1980358,1.8780359,2.3180358,1.0280359,-0.09196411,-0.4519641,-0.3019641,-0.24196412,-0.96196413,-0.23196411,-2.1719642,-2.251964,-1.2419641,-0.9419641,-0.02196411,0.7580359,-1.3719641,-1.8619641,-2.2219641,-2.2219641,-2.6919641,-2.6119642,-1.3319641,2.018036,1.3480359,0.21803589,-2.091964,-0.44196412,-1.9419641,-2.311964,-2.061964,-5.111964,-4.901964,-4.641964
1.6180359,2.408036,1.9880359,1.1580359,1.1580359,2.0680358,0.78803587,1.6380359,0.85803586,1.4080359,3.6180358,3.908036,3.428036,3.6280358,3.5880358,3.498036,2.958036,3.5980358,1.6180359,0.9980359,0.7480359,1.5580359,1.5680358,2.178036,2.908036,1.9380358,4.1580358,1.208036,2.8780358,1.6880358,-0.9319641,-0.24196412,-0.77196413,-2.9519641,-2.321964,-4.411964,-0.5319641,-1.7719641,-1.5619642,-2.7219641,-3.781964,-3.6519642,-2.9619641,-4.8019643,-1.4719641,-1.2619641,1.0180359,-0.3619641,-1.9519641,2.988036,1.3780359,-1.5019641,-0.35196412,1.0080359,-1.5619642,-4.001964,-10.731964,-7.641964
0.85803586,2.3780358,3.498036,1.9780359,2.8280358,4.018036,1.3780359,1.6180359,0.6380359,0.79803586,3.978036,1.7480359,0.53803587,1.6080359,0.8180359,0.5980359,1.0680358,0.8980359,2.1280358,2.988036,2.6080358,1.6380359,2.0880358,2.8380358,5.438036,5.6980357,4.668036,2.768036,3.228036,2.3380358,-0.111964114,-2.781964,-4.2619643,-3.7119641,-2.811964,-3.291964,-3.761964,-4.251964,-5.0119643,-5.411964,-5.121964,-4.411964,-0.9719641,-0.9119641,-0.34196413,-0.12196411,0.7080359,2.958036,-0.8619641,-0.3619641,1.1580359,2.8080359,2.648036,1.1680359,1.0580359,3.6080358,3.658036,3.0880358
0.03803589,1.6780359,4.518036,1.5180359,4.048036,0.4780359,0.42803589,0.9380359,1.9180359,1.0180359,0.66803586,1.2780359,1.3580359,0.3480359,0.6180359,0.17803589,0.60803586,1.0080359,1.3080359,1.0580359,1.1080359,1.7880359,4.9880357,5.4880357,5.1580358,3.3180358,2.498036,3.948036,3.8280358,3.938036,3.3780358,-0.06196411,-4.001964,-4.561964,-3.591964,-4.171964,-5.001964,-5.171964,-5.171964,-6.0519643,-7.131964,-0.9319641,-1.3019642,-0.10196411,-1.2019641,-0.9919641,-0.23196411,2.8780358,-3.791964,-2.531964,-0.9819641,0.8280359,1.9180359,2.978036,3.218036,3.158036,3.5580359,3.3680358
-0.02196411,2.8780358,1.6680359,2.508036,2.1380358,0.60803586,0.9580359,0.9580359,-0.13196412,0.5880359,1.0580359,0.9980359,-0.8819641,-1.3819641,-0.9719641,0.3180359,1.0080359,0.018035889,1.708036,0.6780359,3.3880358,4.7580357,3.6180358,3.5880358,5.478036,5.628036,5.4680357,4.1980357,4.638036,4.7580357,4.898036,3.998036,-5.661964,-6.7419643,-6.2419643,-6.081964,-5.3019643,-6.161964,-5.8419642,-4.291964,-0.9219641,0.3280359,-0.8719641,0.6480359,1.2880359,-0.13196412,1.7180359,-2.4519641,-6.7419643,-5.461964,-0.6319641,0.3880359,1.0380359,1.6980358,1.1780359,-0.14196411,-0.4519641,-0.12196411
0.7780359,0.54803586,0.85803586,1.6980358,1.1480359,0.5880359,0.8880359,1.5480359,2.168036,1.3980359,1.4080359,0.8280359,0.5980359,-0.35196412,-1.0719641,-2.6819642,-0.44196412,1.7980359,1.6580359,2.928036,6.498036,2.478036,4.388036,5.4280357,4.848036,5.7180357,6.138036,7.298036,6.918036,5.388036,4.708036,4.2180357,-2.331964,-4.131964,-4.041964,-6.061964,-5.721964,-4.691964,-5.101964,-4.4919643,-1.911964,-0.6119641,0.72803587,0.3780359,0.7380359,-0.02196411,3.8080359,-0.10196411,5.4680357,5.398036,-1.1819642,-1.5019641,-2.001964,-3.001964,-3.4219642,-3.9619641,-3.551964,-3.811964
0.6580359,-0.2919641,1.7980359,1.1580359,0.5780359,0.78803587,1.1680359,0.72803587,0.3180359,1.208036,-0.52196413,-0.9219641,-0.011964112,0.5280359,-0.111964114,1.958036,1.2480359,0.36803588,0.1380359,0.7780359,0.3280359,0.5180359,1.7680359,1.9680359,1.2780359,5.2180357,5.208036,3.7880359,7.018036,9.028036,5.368036,5.228036,5.4280357,1.088036,2.738036,4.978036,7.558036,7.2580357,5.2380357,1.8480359,-2.751964,-1.3019642,0.4880359,0.21803589,2.908036,3.0880358,3.468036,5.378036,7.318036,8.488036,8.858036,9.318036,-1.3519641,0.27803588,2.238036,2.428036,2.248036,3.458036
0.66803586,0.91803586,1.3180358,1.0480359,1.2380359,1.1080359,1.4380358,1.3480359,1.6080359,1.7480359,1.1980358,0.91803586,-0.5719641,0.18803589,0.46803588,-0.2719641,-0.9219641,-1.0219641,-0.3319641,0.2680359,0.2880359,0.5080359,0.5180359,1.0080359,0.7080359,2.008036,2.428036,4.538036,5.958036,6.998036,8.308036,5.7380357,4.798036,5.938036,2.0480359,2.008036,1.6680359,0.17803589,-2.231964,-3.021964,-6.121964,-3.801964,0.7680359,5.228036,7.878036,7.398036,7.108036,8.588036,7.7180357,6.348036,8.138036,9.138036,11.1680355,10.968036,0.30803588,-1.1919641,2.0680358,-0.32196411
1.4880359,1.1180359,1.1780359,1.6980358,1.6180359,0.8180359,1.2980359,1.6580359,1.3580359,1.7280359,1.7980359,1.6080359,1.6580359,0.5880359,-0.6619641,-0.35196412,0.2680359,-0.111964114,-0.52196413,-0.16196412,-0.02196411,0.5080359,0.5580359,0.78803587,2.3680358,1.4980359,0.36803588,3.678036,5.378036,6.228036,7.078036,7.6780357,4.5080357,4.338036,0.5080359,1.9880359,2.258036,1.1180359,-1.0619642,-11.701964,-11.251965,-4.8419642,-0.9919641,5.808036,8.548036,8.858036,7.958036,8.238036,9.298036,8.458035,5.4280357,6.778036,8.528036,10.788036,12.868036,12.128036,10.938036,10.778036
1.0680358,1.1680359,1.0480359,1.8280358,1.3480359,1.1780359,1.6680359,1.7480359,1.4680359,1.2480359,1.7880359,2.0480359,1.8880359,1.3680359,0.09803589,0.5180359,-0.05196411,-0.4619641,0.12803589,0.5780359,-0.10196411,-0.1919641,0.04803589,0.4180359,1.2280359,2.8180358,-1.9219642,0.79803586,4.958036,6.108036,6.688036,8.068036,8.448036,5.4480357,3.0480359,2.688036,4.048036,6.768036,11.978036,16.788036,15.248035,8.498035,6.108036,7.528036,6.838036,8.348036,9.128036,10.158036,9.798036,9.988036,9.828036,9.738036,8.268036,8.508036,10.198036,10.938036,12.298036,13.148036
2.898036,2.498036,1.6980358,1.2580359,1.9280359,1.8680359,2.188036,2.5280359,1.5480359,1.1480359,1.4980359,2.3180358,2.168036,1.7780359,1.1080359,1.3680359,1.0080359,0.85803586,0.5280359,0.058035888,-0.5519641,-0.7819641,-0.7519641,0.39803588,1.1480359,1.7980359,1.708036,1.7680359,0.23803589,3.178036,5.618036,6.588036,8.968036,12.198036,12.558036,9.788036,5.558036,8.778036,10.928036,12.538036,12.738036,12.288036,10.608036,9.088036,8.618036,7.578036,8.088036,8.518036,8.988036,7.998036,9.038036,8.238036,7.318036,6.748036,6.628036,7.828036,9.898036,12.038036
4.618036,5.888036,2.3180358,3.7980359,2.748036,3.8580358,3.0880358,2.0280359,1.7980359,1.4380358,2.0280359,2.0480359,1.6680359,2.3880358,2.158036,1.2780359,1.3080359,0.10803589,0.20803589,-1.1019641,-0.8819641,-0.2619641,-0.011964112,0.9280359,1.6780359,-0.5519641,-1.8619641,0.6780359,1.8080359,0.7080359,4.498036,6.628036,8.208035,9.718036,10.978036,12.438036,13.648036,13.938036,13.998035,13.768036,13.398036,12.578036,11.288036,11.088036,8.718036,8.218036,8.858036,8.738036,7.938036,7.2580357,7.998036,8.088036,8.378036,8.688036,8.928036,9.318036,9.258036,9.848036
6.2180357,5.348036,4.558036,3.698036,1.6480359,3.498036,2.708036,2.5680358,0.9980359,0.9680359,1.7880359,1.6280359,1.458036,1.338036,2.5580359,2.938036,0.8080359,0.6880359,-0.0019641113,-0.4619641,-0.28196412,-0.1919641,0.9480359,1.2980359,-1.4419641,-4.791964,-4.481964,-1.1219641,-2.271964,-0.34196413,1.838036,5.148036,8.158036,9.928036,10.818036,11.268036,11.738036,11.748035,11.858036,11.748035,11.648036,11.188036,11.318036,10.858036,10.108036,7.878036,6.808036,6.388036,6.6580358,6.1780357,5.6580358,7.058036,8.178036,9.178036,10.438036,9.398036,9.4180355,9.128036
5.2380357,5.798036,5.2580357,4.208036,3.988036,1.6380359,1.7880359,2.968036,2.198036,1.2680359,1.8980359,2.0980358,1.5180359,1.7980359,1.5980359,1.7680359,3.3580358,2.928036,1.208036,0.23803589,0.23803589,0.3280359,2.1380358,3.3780358,-8.501965,-8.471964,-3.6419642,-1.1919641,-1.5819641,-0.16196412,1.4980359,3.988036,6.798036,9.198036,9.768036,11.008036,10.938036,10.598036,10.428036,10.588036,10.878036,10.988036,10.508036,10.278036,9.798036,7.898036,7.318036,6.128036,5.898036,6.898036,6.798036,4.798036,4.798036,5.438036,7.618036,6.078036,6.6780357,7.668036
6.4280357,6.828036,7.088036,5.6780357,6.9280357,3.158036,4.458036,2.6180358,2.3480358,2.1280358,1.5180359,1.8480359,2.458036,5.228036,5.188036,3.988036,1.2480359,3.3880358,2.1280358,1.5280359,1.2680359,1.0480359,5.028036,2.8580358,-0.4619641,-7.401964,-7.251964,-9.221964,-5.161964,-5.201964,-3.821964,-0.9919641,1.2380359,4.118036,3.258036,6.418036,8.408036,9.398036,8.608036,8.278036,9.388036,9.478036,9.038036,8.558036,9.128036,8.228036,8.738036,8.578036,8.718036,6.578036,5.168036,4.018036,3.7980359,7.368036,2.5480359,3.468036,4.4480357,4.918036
3.1080358,5.278036,5.368036,7.438036,4.728036,4.608036,3.498036,2.6280358,2.6080358,2.468036,2.698036,2.228036,1.6080359,3.8080359,3.178036,2.728036,3.3180358,1.2580359,1.8080359,1.4080359,2.8480358,4.138036,1.0480359,-2.1119642,2.458036,1.9380358,-1.5719641,-0.23196411,1.2580359,0.058035888,-1.1419641,-1.541964,-0.44196412,1.8480359,3.7880359,4.578036,6.0080357,7.068036,6.818036,5.138036,6.798036,7.598036,8.538036,8.538036,7.978036,7.9880357,8.638036,7.598036,5.868036,5.958036,5.278036,5.608036,5.398036,1.2280359,-1.411964,-0.18196411,2.1080358,3.3380358
3.148036,4.608036,5.4880357,3.8180358,3.8280358,5.398036,5.318036,4.688036,4.018036,2.898036,3.8880358,2.018036,1.8480359,1.3980359,2.8180358,3.518036,0.9480359,1.8280358,2.5680358,2.988036,4.9080358,3.1380358,2.178036,3.988036,2.158036,1.2180359,-1.3019642,-0.2219641,0.058035888,-1.4219642,-3.6619642,-3.851964,-3.291964,-2.4519641,-0.28196412,0.8480359,1.8280358,3.0480359,3.3480358,3.718036,5.2380357,6.4480357,6.828036,6.9480357,5.868036,4.5080357,4.358036,5.6580358,5.168036,4.368036,4.898036,6.618036,7.598036,9.458035,3.1180358,-1.161964,-1.4519641,0.2480359
5.4880357,5.528036,8.348036,9.778036,8.898036,7.378036,7.398036,6.688036,4.898036,5.2580357,5.7380357,3.7780359,4.228036,5.478036,5.598036,2.208036,1.8280358,0.72803587,1.4680359,1.6780359,2.188036,-0.8219641,-2.801964,-2.031964,-4.171964,-1.7719641,-0.9119641,0.3880359,-1.7319641,-4.451964,-6.121964,-6.8419642,-5.791964,-5.171964,-2.771964,-3.2219641,-2.9619641,-1.8919641,-1.3319641,-0.31196412,1.6080359,2.5380359,3.1380358,3.158036,2.908036,2.0380359,1.6180359,0.27803588,0.91803586,0.5680359,0.7380359,1.8880359,1.7180359,1.5580359,0.12803589,-2.301964,-3.4419641,-3.311964
6.308036,8.798036,2.6380358,3.958036,4.998036,5.498036,6.128036,4.9080358,4.808036,4.7180357,3.5380359,2.958036,3.2980359,4.298036,3.3180358,7.578036,3.228036,5.708036,0.07803589,-2.4119642,-3.521964,-5.881964,-7.7819643,-6.211964,-3.761964,-1.2519641,-1.4419641,-4.0919642,-10.931964,-9.341964,-9.871964,-7.311964,-7.351964,-6.861964,-5.3019643,-4.3219643,-5.601964,-4.3219643,-4.701964,-2.591964,-0.9119641,-0.3919641,1.1980358,1.3780359,1.6880358,0.1680359,-1.4419641,-2.101964,-2.531964,-3.6819642,-2.9419641,-3.531964,-3.491964,-4.221964,-5.2819643,-5.251964,-5.3419642,-7.661964
4.748036,1.4380358,1.8580359,2.0380359,2.5880358,2.668036,3.3480358,3.3380358,3.408036,2.008036,2.688036,1.6280359,2.1380358,4.2180357,-0.7919641,2.398036,1.8880359,2.5680358,-4.0919642,-6.2619643,-9.871964,-10.481964,-12.301964,-5.961964,-6.621964,-0.9719641,-0.17196411,13.348036,-1.9519641,-11.301964,-9.741964,-8.531964,-9.541965,-9.841964,-8.121964,-6.461964,-8.621964,-8.531964,-8.021964,-5.661964,-4.971964,-3.801964,-2.9519641,-1.5919641,-1.7619641,-4.5519643,-5.361964,-5.911964,-6.771964,-7.871964,-7.721964,-9.051964,-8.851964,-7.981964,-9.111964,-9.531964,-9.051964,-9.521964
1.3480359,1.6580359,2.0580359,4.098036,2.158036,1.0280359,0.3480359,1.958036,4.438036,3.238036,3.3180358,4.338036,3.758036,3.8580358,-2.6419642,-0.05196411,0.9580359,1.5380359,-8.791965,-10.221964,-11.601964,-17.781963,-12.701964,-5.521964,-7.061964,0.43803588,3.718036,11.588036,10.178036,-0.7219641,-8.071964,-7.691964,-7.651964,-7.111964,-7.191964,-4.211964,-5.701964,-6.001964,-7.101964,-6.691964,-7.791964,-7.4919643,-4.811964,-4.501964,-7.671964,-8.431964,-9.111964,-9.151964,-9.311964,-10.921964,-12.971964,-13.461964,-10.191964,-11.681964,-10.351964,-11.741964,-10.441964,-11.071964
2.0580359,2.698036,10.098036,8.188036,10.408036,5.268036,-0.71196413,5.728036,5.818036,6.348036,6.388036,2.8780358,9.928036,13.458035,-0.071964115,-2.1719642,2.658036,7.498036,17.338036,17.398035,15.088036,-3.1519642,-1.3819641,0.5780359,0.4180359,0.46803588,11.948036,9.888036,2.2780359,-6.0719643,-8.841964,-9.701964,-8.261964,-8.281964,-7.3219643,-2.9619641,-0.9819641,-0.031964112,-2.1219642,-1.7319641,-5.001964,-6.251964,-4.7619643,-5.7819643,-9.691964,-8.821964,-8.761964,-9.631964,-9.401964,-8.681964,-12.431964,-11.681964,-11.071964,-10.931964,-12.111964,-10.981964,-1.8619641,-1.1119641
