public/config/2021010606.json
{"header": {"discipline":0,"disciplineName":"Meteorological products","gribEdition":2,"gribLength":77193,"center":7,"centerName":"US National Weather Service - NCEP(WMC)","subcenter":0,"refTime":"2021-01-06T06:00:00.000Z","significanceOfRT":1,"significanceOfRTName":"Start of forecast","productStatus":0,"productStatusName":"Operational products","productType":1,"productTypeName":"Forecast products","productDefinitionTemplate":0,"productDefinitionTemplateName":"Analysis/forecast at horizontal level/layer at a point in time","parameterCategory":2,"parameterCategoryName":"Momentum","parameterNumber":2,"parameterNumberName":"U-component_of_wind","parameterUnit":"m.s-1","genProcessType":2,"genProcessTypeName":"Forecast","forecastTime":0,"surface1Type":103,"surface1TypeName":"Specified height level above ground","surface1Value":10.0,"surface2Type":255,"surface2TypeName":"Missing","surface2Value":0.0,"gridDefinitionTemplate":0,"gridDefinitionTemplateName":"Latitude_Longitude","numberPoints":65160,"shape":6,"shapeName":"Earth spherical with radius of 6,371,229.0 m","gridUnits":"degrees","resolution":48,"winds":"true","scanMode":0,"nx":360,"ny":181,"basicAngle":0,"lo1":0.0,"la1":90.0,"lo2":359.0,"la2":-90.0,"dx":1.0,"dy":1.0}, "data":
[rows 81 to 107 of 181, columns 300 to 359 of 360]
-5.3852,-5.9952,-6.4252,-7.1852,-7.1852,-6.8052,-6.7152004,-6.8952003,-6.2752004,-6.8452,-6.6352,-6.1652,-6.7152004,-6.7852,-6.7352004,-6.8352003,-7.1052003,-7.2052,-6.7652,-6.4352,-5.9352,-6.5652003,-6.6452003,-6.1252003,-6.2152004,-6.2452,-5.3552003,-4.9352,-4.2452,-3.6852002,-3.4652002,-3.1652002,-3.1452003,-2.9052002,-2.6952002,-1.9852002,-0.6552002,-0.6852002,1.1347998,2.9947999,2.9648,4.3947997,4.7247996,4.8248,5.3848,3.5647998,3.3247998,0.40479982,0.1547998,0.0047998047,0.2947998,0.7747998,0.6747998,-0.3552002,0.1247998,0.9247998,0.8547998,1.4547998,0.8847998,1.0747998
-0.2552002,-4.1452003,-5.1952,-6.8752003,-6.8752003,-7.4052,-6.6652,-6.4552,-6.3352003,-6.2652,-6.0652003,-6.5652003,-6.7152004,-6.8252,-6.8752003,-7.6952,-7.2552004,-7.7352004,-7.1552,-6.7752004,-6.6252003,-6.8052,-5.7852,-6.6052003,-7.2052,-6.4252,-6.0252004,-5.6152,-4.7052,-3.4252002,-3.9652002,-3.0052001,-3.0152001,-2.6052003,-2.6952002,-1.2452002,-0.2952002,-0.5352002,0.7347998,1.6947998,3.6447997,4.2447996,4.0248,3.9847999,4.7548,3.9648,3.7747998,3.5347998,-0.1352002,-0.7752002,0.6147998,0.40479982,2.4548,0.3647998,0.6347998,1.5947998,1.1347998,0.3847998,1.2647998,1.7347999
-0.065200195,0.014799804,-5.0352,-8.1652,-6.5552,-6.8452,-6.4052,-5.8352003,-5.9452,-6.2752004,-6.5352,-6.9152,-6.1452003,-6.7952003,-6.8052,-6.7452,-7.3552003,-7.4652004,-6.9852004,-6.6052003,-6.7152004,-6.4552,-5.6152,-6.1352,-6.9352,-6.7452,-5.6252003,-6.1552,-5.7052,-4.7652,-3.9052002,-3.6352003,-3.2652001,-2.8252,-2.0152001,-1.2052002,-1.9252002,-1.2952002,0.13479981,1.1447998,1.9347998,2.9147997,2.9947999,4.0448,4.4147997,3.8347998,4.4147997,3.7048,3.4847999,0.3847998,0.054799806,0.6047998,1.1547998,0.9347998,-0.055200197,1.2147998,0.34479982,0.4847998,0.5747998,1.0247998
0.4247998,0.4947998,-0.22520019,-5.3452,-6.2152004,-4.9352,-5.6952,-5.5152,-4.5452003,-6.4752,-6.7252,-7.0252004,-6.5752,-6.5552,-6.4852004,-6.7652,-6.9552,-6.9252,-7.0152,-6.7752004,-5.9152,-5.9252,-5.9152,-5.8852,-5.8052,-6.4952,-6.1452003,-6.1452003,-5.9252,-5.6652,-4.4652004,-4.7552004,-3.7552001,-3.0852003,-2.3252,-1.9652002,-3.0452,-1.6252002,-0.035200194,1.3347998,2.1647997,1.1147999,3.0547998,3.7847998,3.3547997,3.6848,3.2547998,3.7347999,2.9348,3.5447998,1.1147999,0.8847998,1.0747998,1.9347998,1.1847998,0.5747998,0.1247998,0.5647998,0.3647998,0.5547998
-0.19520019,0.51479983,-0.4952002,-0.7752002,-0.8752002,-1.4752002,-0.7152002,-0.54520017,-4.2652,-5.2152004,-6.0252004,-5.7752004,-5.3452,-6.1652,-6.0952,-5.6452003,-6.1952,-6.4352,-6.6652,-6.3152003,-5.1952,-4.9252,-4.8252,-4.9152,-4.8852,-5.3252,-6.3452,-5.4652004,-6.3652,-6.2452,-5.4952,-4.6452003,-4.7652,-3.1452003,-2.8152,-0.8752002,-0.2652002,0.8947998,2.1147997,1.0147998,0.7247998,0.6647998,2.0047998,2.0847998,1.8947998,2.2747998,2.6647997,2.8147998,3.1748,3.4348,4.1948,3.3947997,0.6647998,0.8647998,2.1848,4.5347996,2.7447999,3.2247999,1.0247998,3.9248
-0.6652002,-0.3252002,-0.005200195,-0.8552002,0.1447998,-0.8152002,-0.6852002,-0.4952002,-0.7152002,-4.8052,-5.2852,-5.1452003,-4.9252,-4.8152003,-5.3652,-6.2752004,-7.4552,-7.4952,-6.0052004,-6.2652,-5.3952003,-4.1152,-3.5252001,-3.5352,-3.8152,-4.5552,-5.5852003,-3.8952003,-3.9952002,-4.8652,-3.5952003,-2.2852,-0.8952002,-0.8252002,-2.4452002,-1.2952002,0.16479981,-0.1452002,0.24479981,-1.0552002,-1.3452002,-0.2052002,-0.2752002,0.7847998,1.2747998,1.4647998,2.0647998,2.3347998,2.6647997,3.8247998,2.4548,3.9248,3.1447997,3.8947997,3.6047997,3.6848,3.2447999,3.1447997,3.9947999,4.0748
-1.0852002,-0.9652002,-0.6252002,-0.6552002,-0.5952002,-0.7252002,-0.7852002,-0.5752002,-0.5852002,-3.4452002,-5.9452,-5.4252,-5.5052004,-5.2052,-5.7552004,-7.1252003,-6.8352003,-6.6852,-6.6552,-6.3952003,-5.8652,-4.6552,-4.1952,-4.2252,-4.1552,-3.6852002,-4.1052003,-4.0852003,-5.2252,-4.7652,-3.9152002,-4.0152,-2.9952002,-3.4552002,-0.5652002,-2.5152001,-1.0752002,-1.6752002,-1.8452002,-2.1152003,-1.8152002,-1.0952002,0.34479982,-0.7052002,0.9447998,0.9147998,1.7047998,1.9047998,2.8747997,3.0747998,3.4747999,2.0447998,2.6748,2.5747998,3.1948,3.4348,3.5747998,4.0448,4.1047997,3.2647998
-1.4652002,-0.5652002,-0.37520018,-0.7252002,-0.8852002,-0.5252002,-0.9352002,-0.6352002,-0.4452002,-0.9652002,-5.9852004,-5.7052,-5.8052,-5.5952,-5.6752,-7.0352,-7.2252,-7.2552004,-7.7552004,-6.1552,-6.3552003,-5.1152,-4.4252,-4.0752,-3.9852002,-4.7952003,-5.8352003,-5.1652,-5.2352004,-4.8952003,-4.7252,-5.1852,-3.6652002,-2.5652,-2.6552002,-2.6352003,-2.1252003,-2.3052,-2.5452,-2.5552,-2.5052001,-1.7352002,-1.2152002,-1.3552002,-1.0452002,-0.19520019,0.6647998,0.8447998,1.6747998,1.5647998,2.5747998,2.2247999,1.4747998,3.6047997,3.2347999,2.5247998,4.5548,4.0748,3.1748,1.2047998
-0.4152002,-0.9052002,-0.7052002,-0.4552002,-0.9152002,-0.4752002,-0.4852002,-0.9652002,-0.5252002,-1.0952002,-3.0152001,-6.5752,-6.4852004,-6.7952003,-6.5552,-7.1852,-7.8952003,-7.6852,-8.1352005,-7.2752004,-6.6152,-5.8452,-5.0552,-5.2852,-4.8752003,-5.7852,-6.1952,-6.1452003,-5.5152,-5.4552,-5.2252,-4.7152004,-4.7752004,-3.8652003,-4.2152004,-3.2752001,-3.4952002,-3.4352002,-2.6452003,-3.3952003,-3.1052003,-2.3952003,-2.3352003,-2.0852003,-1.6152002,-1.4052002,-0.6052002,-0.1852002,0.3847998,0.9947998,1.6947998,1.4447998,2.1547997,2.6948,2.9248,4.3448,3.5047998,1.9147998,3.0147998,2.8047998
0.2847998,-0.3352002,-0.8352002,-0.6852002,-0.6352002,-1.0152001,-0.3852002,-0.6352002,-0.22520019,-3.0852003,-3.1652002,-6.9252,-6.8352003,-6.3352003,-7.0852003,-7.2252,-7.8752003,-8.2852,-8.4052,-8.015201,-7.0852003,-6.4952,-6.1452003,-6.2552004,-5.7352004,-6.0552,-6.1252003,-6.4652004,-5.8952003,-5.2852,-5.4352,-5.8152003,-5.2552004,-4.7752004,-4.0452003,-3.3352003,-3.8752003,-3.9952002,-3.3652003,-3.0052001,-2.8752003,-2.7352002,-3.3552003,-3.1552002,-1.8652002,-2.0152001,-1.0252002,-0.9152002,-0.3052002,0.1447998,0.7147998,1.1647998,1.0847998,1.9047998,1.9147998,2.7847998,2.8347998,2.0947998,1.5047998,0.9947998
-0.54520017,-0.34520018,-0.43520018,-0.3352002,-0.7652002,-0.9052002,-1.6952002,-0.6652002,-1.0952002,-1.0252002,-0.5952002,-0.9152002,-0.8052002,-0.6452002,-6.9352,-7.0652003,-7.3952003,-8.515201,-9.0652,-8.055201,-8.0352,-7.8152003,-7.2552004,-6.9752,-6.1852,-6.4052,-6.7652,-6.8052,-6.8152003,-6.3352003,-6.5452003,-5.5852003,-6.0952,-5.6452003,-4.7952003,-4.0452003,-3.4452002,-3.4452002,-3.4152002,-3.1852002,-3.1352003,-3.5252001,-2.7952,-3.5752,-2.9052002,-2.3252,-1.6252002,-1.0852002,-1.1052002,-0.5652002,-0.7052002,0.1247998,0.24479981,0.8747998,0.9847998,0.8247998,1.5247998,1.5847998,1.4047998,1.2547998
-0.9652002,-0.54520017,-0.9352002,-0.40520018,-1.2352002,-1.7852002,-1.3252002,-1.0652002,-0.8752002,-0.5552002,-0.4952002,-0.9052002,-0.9552002,-1.2752002,-0.9552002,-0.8852002,-7.3852,-8.0352,-8.9052,-8.9552,-9.1052,-8.225201,-8.1452,-7.6452003,-7.4252,-6.0952,-6.1452003,-6.2652,-7.4752,-6.4852004,-6.3152003,-6.4052,-6.0252004,-5.6652,-6.0252004,-4.7352004,-4.7252,-3.5752,-3.8452003,-4.0552,-3.5552,-4.5052004,-3.6352003,-2.9952002,-3.3052,-2.5552,-1.9952002,-1.8752002,-1.9452002,-1.6652002,-1.3552002,-1.1852002,0.4347998,-0.6452002,-0.045200195,-0.0852002,0.4647998,1.4347998,0.8647998,0.6847998
-1.3552002,-0.1452002,-0.9652002,-0.6752002,-0.3152002,-1.3852001,-1.1652002,-0.37520018,-0.6152002,-0.73520017,-0.6652002,-0.7452002,-0.3852002,-0.9152002,-0.6252002,-0.5552002,-1.0252002,-1.5952002,-2.3652003,-2.1952002,-2.9952002,-8.1452,-8.0452,-8.1952,-7.8052,-7.2252,-6.9552,-6.4952,-6.4652004,-5.4152,-7.2652,-6.0352,-6.4552,-6.0052004,-5.9452,-4.9452,-5.1752,-4.4852004,-4.6552,-4.3252,-4.6052003,-4.4852004,-3.5952003,-3.3352003,-2.7252002,-2.4652002,-2.0452,-2.6852002,-2.9352002,-2.4752002,-1.8152002,-1.6852002,-1.6452003,-1.4652002,-0.6152002,-0.3052002,0.1247998,-0.7752002,0.2147998,0.5747998
-1.2452002,-0.4952002,-0.7052002,-0.7452002,-0.5152002,-0.6052002,-0.98520017,-0.4752002,-0.5252002,-0.6552002,-0.2652002,-0.6152002,-0.4652002,-0.6352002,-0.4752002,-1.0052001,-0.5152002,-0.2552002,0.1547998,-3.7452002,-2.2052002,-1.1552002,-8.2552,-8.6452,-8.5252,-7.6452003,-7.0152,-6.7352004,-6.3952003,-6.1652,-6.7352004,-6.4352,-6.1852,-6.2152004,-6.4552,-5.7652,-5.7652,-5.3952003,-5.2452,-4.9252,-5.0452003,-4.7852,-4.1652,-3.3252,-3.4452002,-3.4252002,-2.6652002,-3.3352003,-3.0852003,-2.6152003,-2.5152001,-1.9552002,-2.2352002,-0.73520017,-1.6852002,-0.43520018,-0.8052002,-0.37520018,-0.5952002,-0.3652002
-0.7852002,-0.40520018,-0.005200195,-0.065200195,-0.40520018,-0.3052002,-0.095200196,-0.4452002,-0.6052002,-0.8952002,-0.4852002,-0.5052002,-0.8752002,-0.37520018,-0.2052002,0.3947998,0.10479981,1.1647998,0.3947998,-2.1552002,-3.3652003,-3.4052002,-2.7052002,-5.3552003,-5.3852,-7.1252003,-7.1152,-5.9952,-6.5052004,-6.4452,-6.8952003,-7.0752,-6.0952,-5.5152,-6.1952,-5.5052004,-6.0952,-5.6652,-5.8952003,-5.6752,-5.3952003,-4.8952003,-4.9052,-4.2852,-3.5152001,-3.5952003,-3.0952003,-3.7852,-3.7752001,-2.8952003,-2.4852002,-2.2552001,-1.9452002,-1.2152002,-1.2852002,-1.5752002,-1.1752002,0.2547998,-1.0652002,-0.8652002
-0.4452002,-0.055200197,0.1247998,-0.2152002,-0.3352002,-0.0852002,-0.40520018,-0.5652002,-0.4452002,0.10479981,0.2347998,0.2147998,0.10479981,-0.4952002,-0.37520018,-0.7652002,-0.1452002,0.37479982,0.2847998,-3.8452003,-4.4852004,-1.7152002,-2.1152003,-2.3552003,-1.7852002,-5.6452003,-6.3252,-6.8152003,-6.9652004,-6.5552,-6.4852004,-6.4452,-6.1952,-6.0452003,-5.4552,-5.1452003,-6.0052004,-6.0652003,-6.4552,-5.9452,-5.6052003,-5.0552,-5.1152,-4.6952,-4.4152,-3.8852003,-3.9152002,-4.5552,-4.0552,-3.8552003,-2.7552001,-1.9752002,-1.9352002,-1.4052002,-1.8952003,-1.1352001,-0.7652002,-0.6252002,-1.0052001,-1.0152001
-0.3052002,0.2547998,-0.22520019,-0.4952002,-0.1552002,0.6247998,-0.6552002,-0.2652002,-0.0852002,-0.5552002,0.2547998,-0.4752002,-0.045200195,-0.2352002,-0.3652002,-0.3052002,0.4247998,-0.2352002,-1.1852002,-3.1052003,-0.6752002,0.054799806,-2.5452,-2.1052003,-3.4052002,-1.7452002,-5.8352003,-7.0152,-6.3952003,-6.2752004,-6.5052004,-6.1752,-6.2952003,-5.6652,-5.5552,-5.2352004,-5.9052,-5.9352,-6.1452003,-5.6952,-5.7152004,-5.4452,-5.1152,-5.2552004,-4.2552004,-4.2752004,-4.3552003,-4.7352004,-4.1552,-3.6252003,-3.2752001,-2.9152002,-2.2952,-2.1052003,-1.6252002,-0.9052002,-1.0152001,-1.6152002,-1.6052002,-1.5052001
-0.065200195,0.2947998,0.4647998,-0.7752002,-0.3052002,-0.6752002,-0.4552002,-0.8652002,-0.9052002,0.06479981,1.0647998,0.06479981,-0.035200194,-0.065200195,0.06479981,-0.4752002,-0.1752002,-1.1952002,-2.0452,-3.5452,-2.5052001,-3.6152003,-1.5352002,-1.0252002,-0.8452002,-2.0652,-5.1352,-7.1652,-6.4052,-6.0652003,-6.2552004,-6.0652003,-5.9352,-5.5852003,-5.6052003,-5.6852,-5.6552,-5.8152003,-5.9652004,-5.5852003,-5.5552,-5.9452,-5.3952003,-5.1552,-4.2952003,-4.3052,-4.3552003,-4.2652,-3.9352002,-3.8352003,-3.4452002,-3.2152002,-3.0152001,-1.9652002,-1.7252002,-1.4552002,-1.4352002,-1.9252002,-1.8552002,-1.6352001
-0.2552002,0.1547998,-0.095200196,-0.045200195,-0.6552002,-0.73520017,0.054799806,-0.22520019,-0.1752002,0.22479981,0.9747998,0.8947998,-0.4552002,-1.3252002,-0.4952002,-0.4452002,-2.3852003,-1.6552002,-4.6252003,-5.4052,-3.8452003,-4.8552003,-3.3252,-1.0852002,-1.0152001,-4.8252,-4.9052,-6.7252,-6.4152,-6.5252004,-6.5852003,-6.2352004,-6.3252,-6.1152,-6.0152,-5.5352,-5.4952,-5.7952003,-5.6252003,-5.4952,-5.7552004,-6.0752,-5.4952,-5.2852,-4.6852,-4.7752004,-4.4652004,-4.2452,-3.6452003,-3.3952003,-3.2952,-3.3452003,-2.5752,-2.4352002,-1.8652002,-2.1252003,-2.0652,-2.4252002,-2.8152,-2.2252002
-0.3152002,0.1847998,-0.4752002,0.6447998,-0.7652002,-0.79520017,0.31479982,-0.2552002,-0.54520017,0.8047998,0.8447998,0.2547998,0.4647998,0.0947998,-0.8352002,-1.3052002,-1.8452002,-1.5152001,-2.1252003,-1.8652002,-1.6452003,-3.3952003,-1.5952002,-0.9552002,-3.2152002,-4.8952003,-5.3752003,-5.7252,-5.3652,-5.6252003,-6.6152,-6.1252003,-6.0352,-6.2852,-5.7052,-5.8052,-5.6952,-5.9052,-5.7252,-5.5052004,-5.7252,-5.5652003,-5.1252003,-5.0752,-5.0052004,-5.1352,-4.4652004,-4.0852003,-3.7852,-3.0452,-2.8052,-2.6752002,-2.3652003,-3.2452002,-2.6552002,-2.2852,-2.7652001,-3.0552,-3.0852003,-3.0152001
0.5047998,0.074799806,0.3047998,-0.6752002,-0.34520018,-0.065200195,0.084799804,-0.025200196,0.7547998,0.2647998,-0.6652002,-0.095200196,-0.40520018,-1.4452002,-1.6852002,-1.0152001,-2.2252002,-9.4952,-7.0552,-1.3052002,-1.1352001,-1.1052002,-1.4752002,-3.4752002,-5.6352,-4.5552,-5.0452003,-5.4452,-5.7252,-6.5852003,-6.6752,-6.0752,-6.6652,-6.3852,-5.9152,-5.7852,-5.6352,-5.3752003,-5.3252,-5.4952,-5.3552003,-5.2652,-5.1852,-4.9852004,-5.0852003,-4.7552004,-4.4452,-4.1552,-3.9052002,-3.2952,-2.9552002,-2.6652002,-2.2052002,-3.0152001,-2.8652003,-2.6452003,-2.7552001,-3.3952003,-3.3552003,-3.3752003
0.51479983,0.6247998,-0.3252002,-1.1352001,0.2047998,0.3247998,-0.065200195,-0.6252002,-0.54520017,0.1847998,-0.3952002,-0.4852002,-1.5752002,-1.3152002,-1.6952002,0.19479981,-0.8952002,-2.5252001,-0.8352002,-1.9452002,-1.0052001,-1.2952002,-0.045200195,-5.0752,-5.7152004,-6.4952,-5.5252004,-6.3352003,-6.0652003,-5.9052,-6.2352004,-5.7952003,-5.7452,-5.6052003,-6.8752003,-6.0152,-5.7252,-5.7752004,-5.5052004,-5.3452,-5.1352,-4.8252,-4.9952,-4.7152004,-4.5952,-4.4852004,-4.4952,-3.9952002,-4.0752,-4.0852003,-3.2552001,-3.3652003,-2.9152002,-3.0952003,-3.1552002,-3.6352003,-3.7652001,-3.7252002,-4.0052004,-4.1552
1.0847998,1.1547998,0.8947998,-1.2552001,0.1447998,-0.6152002,0.074799806,-0.4752002,-0.3252002,-0.3052002,-0.9552002,-1.1752002,-0.055200197,-1.6952002,-0.9752002,-1.5052001,0.0947998,-2.7952,-2.5852003,-0.4452002,-1.2952002,-0.2552002,-3.7552001,-6.1252003,-6.0452003,-5.7052,-5.3052,-6.1452003,-5.7952003,-5.6652,-5.9852004,-5.5752,-6.5752,-6.7252,-6.3152003,-5.7852,-5.4152,-5.9252,-6.2052,-5.5952,-4.7152004,-4.8152003,-5.0752,-4.8452,-4.5752,-4.1852,-4.5752,-4.1852,-4.5652003,-4.0652003,-3.8452003,-3.7652001,-4.0252004,-4.0052004,-4.3152003,-4.0552,-4.7752004,-3.9352002,-4.8652,-4.5752
0.4747998,2.2048,-1.5452002,-0.3352002,-0.8752002,0.24479981,-1.1552002,-0.9552002,1.0447998,-0.37520018,-0.6952002,-0.9252002,-0.2052002,1.3747998,-1.3452002,-1.1952002,0.34479982,-1.5552002,-0.6752002,-1.4652002,-0.3252002,-1.5852002,-5.1052003,-6.3852,-6.1452003,-5.5552,-5.9352,-5.9952,-5.9352,-5.9952,-6.3252,-5.4152,-6.4252,-6.3152003,-6.1052003,-5.8152003,-5.4352,-4.8952003,-6.1752,-5.3852,-4.8652,-4.6752,-5.1252003,-5.1352,-4.5152,-4.2352004,-4.2452,-4.6352,-4.6152,-4.4352,-4.4452,-4.7452,-4.1652,-3.8052,-4.1852,-4.6952,-5.2252,-5.5652003,-5.6852,-5.3052
1.2447999,1.9647998,0.9147998,0.6047998,-0.8252002,-1.6052002,-1.2852002,-0.4152002,0.95479983,-0.1852002,-1.3052002,-0.4952002,-0.73520017,-0.3952002,-0.8952002,-1.0952002,-0.2552002,-2.6052003,-0.6552002,-1.8052002,-0.1352002,-1.4552002,-4.7852,-5.1652,-5.7152004,-5.9952,-5.7752004,-5.5652003,-5.4652004,-5.7552004,-6.0352,-5.5552,-6.8052,-5.9252,-6.3252,-5.8152003,-5.2352004,-6.7752004,-6.4652004,-4.8852,-5.4652004,-5.2552004,-5.0452003,-5.2552004,-5.0952,-4.8952003,-4.4552,-4.4752,-4.6352,-4.8252,-5.4152,-5.1752,-3.7852,-4.9652004,-5.4852004,-5.2152004,-5.7252,-6.2352004,-5.0352,-6.0452003
1.4347998,1.3847998,0.8447998,-0.2152002,-0.6952002,-0.4552002,-1.0852002,-0.1552002,0.9247998,-0.2352002,-1.1752002,-1.7252002,-0.79520017,0.0947998,-0.1452002,-0.2152002,-1.4152002,-2.7252002,-1.2852002,-0.8252002,-0.4552002,-0.015200195,-5.0552,-4.3952003,-4.7552004,-5.4852004,-6.1152,-5.5552,-5.4152,-6.4852004,-5.8952003,-5.2652,-6.0352,-5.8552003,-5.5852003,-5.6452003,-5.8452,-6.5852003,-5.1652,-4.3252,-5.1052003,-4.3252,-6.0452003,-5.7452,-4.9552,-4.5952,-4.5352,-4.3852,-5.0152,-5.1052003,-5.5452003,-4.4952,-5.5752,-5.4152,-5.7452,-6.0052004,-5.9152,-6.3452,-6.2252,-6.3652
-0.07520019,2.0447998,1.7047998,0.5547998,-0.8652002,-0.2852002,-2.0252001,0.3247998,-0.4552002,-0.6352002,0.114799805,-0.2052002,-0.095200196,-0.015200195,-0.2952002,-1.3052002,-0.7452002,-0.40520018,-1.0452002,0.31479982,-0.045200195,-3.8152,-5.4552,-4.8352003,-4.9452,-4.9452,-5.7852,-5.4052,-5.3252,-5.6452003,-5.8252,-4.9452,-5.2552004,-6.0252004,-5.4452,-5.9552,-6.1952,-5.2652,-4.7452,-5.9852004,-5.1952,-6.0652003,-5.5652003,-5.6352,-5.8452,-5.5052004,-4.7152004,-4.9152,-5.1452003,-5.3552003,-5.3552003,-5.0952,-5.8852,-5.8352003,-6.3552003,-5.7652,-6.0952,-5.8952003,-5.4452,-5.7052
