public/config/2021010700.json
{"header": {"discipline":0,"disciplineName":"Meteorological products","gribEdition":2,"gribLength":77450,"center":7,"centerName":"US National Weather Service - NCEP(WMC)","subcenter":0,"refTime":"2021-01-07T00:00:00.000Z","significanceOfRT":1,"significanceOfRTName":"Start of forecast","productStatus":0,"productStatusName":"Operational products","productType":1,"productTypeName":"Forecast products","productDefinitionTemplate":0,"productDefinitionTemplateName":"Analysis/forecast at horizontal level/layer at a point in time","parameterCategory":2,"parameterCategoryName":"Momentum","parameterNumber":3,"parameterNumberName":"V-component_of_wind","parameterUnit":"m.s-1","genProcessType":2,"genProcessTypeName":"Forecast","forecastTime":0,"surface1Type":103,"surface1TypeName":"Specified height level above ground","surface1Value":10.0,"surface2Type":255,"surface2TypeName":"Missing","surface2Value":0.0,"gridDefinitionTemplate":0,"gridDefinitionTemplateName":"Latitude_Longitude","numberPoints":65160,"shape":6,"shapeName":"Earth spherical with radius of 6,371,229.0 m","gridUnits":"degrees","resolution":48,"winds":"true","scanMode":0,"nx":360,"ny":181,"basicAngle":0,"lo1":0.0,"la1":90.0,"lo2":359.0,"la2":-90.0,"dx":1.0,"dy":1.0}, "data":
[rows 52 to 77 of 181, columns 232 to 289 of 360]
0.01923584,-0.75076413,-2.320764,-3.8507643,4.029236,2.3192358,-0.16076416,-0.08076416,-0.09076416,0.69923586,-0.24076416,0.57923585,1.1992358,1.0092359,1.0692358,-1.2307642,2.1192358,-3.090764,-1.6007642,-0.72076416,0.39923584,-1.0907642,0.56923586,0.22923584,-0.33076417,-2.9807642,-4.1007643,-4.3507643,-4.920764,-4.570764,-6.5407643,-0.68076414,0.48923585,2.929236,2.189236,0.51923585,0.47923583,-1.0207641,-1.5307641,-1.0807642,-0.72076416,-0.8307642,-1.0307641,-1.8107642,-1.4007641,-0.74076414,-0.87076414,-2.4207642,-1.0507642,-0.80076414,-1.6507641,-1.7107642,-7.710764,-9.430764,-9.580764,-9.270764,-9.950764,-9.780765
-1.0807642,-2.4007642,-4.2707644,-4.4807644,-1.2307642,1.9492358,0.41923583,1.1792358,-1.8607641,-0.7607642,0.31923583,1.0592358,-0.42076415,0.17923585,-0.9507642,-0.19076416,-0.48076415,-1.2807641,0.19923584,-1.3607641,2.3192358,0.9892358,1.1692358,0.13923584,0.39923584,-3.4107642,-4.210764,-4.700764,-4.220764,-3.9307642,-5.490764,0.50923586,-1.4407642,0.93923587,3.1392357,1.2692358,0.34923583,-1.2407641,-2.520764,-1.7707641,-0.6907642,-1.2307642,-2.310764,-1.7107642,-1.2107642,-0.96076417,-0.8207642,-1.8107642,-1.7707641,-1.2707641,-0.7007642,-1.4607642,-7.960764,-9.560764,-9.310764,-9.710764,-10.310764,-9.470764
-2.030764,-3.6307642,-4.1007643,-4.450764,-1.7207642,0.44923583,-5.0807643,-1.7207642,-0.54076415,-1.1507641,1.8192358,0.15923584,0.40923584,-2.0107641,-1.4307642,-0.73076415,-0.8907642,-0.05076416,0.42923585,-0.09076416,-1.7907642,-1.6107641,-1.4807642,1.8492359,-0.99076414,-3.6007643,-4.140764,-4.7907643,-5.0807643,-5.090764,-4.430764,-3.1307642,-2.020764,1.0092359,0.10923584,-0.54076415,-1.6307641,-3.1807642,-4.070764,-2.9007642,-2.0107641,-1.3007642,-2.2507641,-1.6107641,-2.820764,-0.66076416,-1.5207641,-0.75076413,-3.070764,-1.0307641,-0.96076417,-1.2507641,-6.200764,-9.520764,-9.920764,-10.050764,-9.780765,-9.020764
-3.6907642,-4.2507644,-4.200764,-1.2707641,-0.47076416,-1.9207642,-4.010764,-4.910764,-1.4307642,-1.8207642,2.7792358,0.30923584,-2.2107642,-3.7207642,-0.6407642,-7.641602E-4,0.12923583,-0.21076415,0.12923583,0.50923586,0.18923584,1.1692358,-0.5807642,0.7292358,-1.3007642,-4.5807643,-5.630764,-5.720764,-5.1207643,-3.570764,-3.580764,-3.590764,-1.0307641,-1.3607641,-0.41076416,-1.3507642,-2.6207643,-3.3507643,-2.520764,-1.8807641,-0.80076414,-1.9607642,0.16923584,-2.4407642,-0.23076417,-0.59076416,0.13923584,-0.62076414,-0.38076416,-1.0707642,-1.1407641,-0.6907642,-8.010764,-9.290764,-10.500764,-9.730764,-9.050764,-8.660764
-1.4207642,-1.6307641,-0.75076413,-0.43076417,-0.81076413,-2.790764,-5.0607643,-7.0807643,-5.930764,-1.3907641,2.2492359,-0.81076413,-1.2807641,-0.93076414,-1.2807641,-1.7907642,0.7992358,1.2892358,-2.1307642,-1.1307641,-1.5707642,1.5292358,-0.97076416,-0.67076415,-1.7107642,-4.180764,-5.880764,-5.7907643,-4.8507643,-3.0007641,-4.460764,-2.6107643,-1.9807642,-0.37076417,-1.4807642,-1.4807642,-2.290764,-2.2307642,-1.2007642,-0.75076413,-0.92076415,-0.43076417,-1.8807641,-1.6007642,0.69923586,-0.19076416,-0.23076417,-0.7707642,-0.8907642,-1.5507642,-1.2807641,-6.780764,-8.400764,-9.370764,-10.550764,-10.090764,-8.480764,-9.070765
-0.29076415,-1.7707641,-0.65076417,-0.98076415,-1.6507641,-4.630764,-5.0407643,-7.140764,-6.420764,-2.4707642,-1.1207641,-0.47076416,-1.0307641,-3.4607642,0.45923585,-1.6307641,-0.87076414,0.22923584,1.0192358,1.4492358,0.39923584,0.45923585,-0.7607642,-0.18076415,-0.6407642,-4.6007643,-5.050764,-5.110764,-4.0207644,-4.0207644,-5.6007643,-5.380764,-2.3707643,-2.4907641,-3.280764,-4.110764,-0.15076417,0.04923584,-0.07076416,-0.02076416,0.11923584,0.34923583,-0.54076415,0.33923584,-0.46076417,-0.03076416,-0.21076415,-0.90076417,-1.4007641,-3.7107642,-4.960764,-6.090764,-8.060764,-9.060764,-9.6107645,-9.060764,-7.5007644,-7.260764
-0.46076417,-1.4107642,-3.1707642,-2.9507642,-5.160764,-4.820764,-6.5807643,-8.120764,-7.8107643,-6.470764,-5.3507643,-3.9507642,-0.24076416,-2.8507643,-1.7007642,-2.9507642,-2.9407642,-1.4107642,-1.4507642,0.27923584,1.9692359,0.25923583,-2.4107642,0.6692358,-2.590764,-3.580764,-3.7107642,-2.6907642,-3.2007642,-2.6907642,-3.4007642,-3.9507642,-3.520764,-2.8507643,-0.6907642,1.9392358,2.2592359,1.2592359,0.6092358,0.7292358,-0.01076416,-0.34076416,-0.49076417,-0.13076416,-0.99076414,-1.1507641,-1.6807642,0.04923584,-2.5107641,-4.930764,-6.3307643,-7.470764,-8.030765,-8.210764,-8.320765,-6.940764,-6.940764,-6.840764
-3.2207642,-4.070764,-4.440764,-4.5007644,-5.180764,-5.950764,-7.5007644,-8.200764,-7.550764,-6.680764,-5.990764,-4.740764,-0.22076416,-1.5907642,-3.780764,-0.99076414,-0.02076416,0.22923584,-0.60076416,1.0592358,-1.9107642,0.07923584,-2.560764,-2.070764,-2.3607643,-3.6407642,-3.2407641,-4.680764,-5.360764,-3.810764,-3.7607641,-3.810764,-4.200764,-1.2807641,3.1392357,2.919236,2.5192358,0.49923584,0.59923583,0.02923584,-0.31076416,-0.39076415,-1.3607641,-1.9107642,-1.6307641,-1.8607641,-0.19076416,-4.690764,-4.710764,-4.610764,-5.3707643,-6.7507644,-7.610764,-7.7707644,-6.590764,-6.570764,-5.110764,-4.700764
-3.9707642,-4.390764,-4.490764,-5.660764,-6.4807644,-6.5007644,-7.510764,-8.950764,-9.180764,-8.250764,-6.5407643,-5.680764,-5.630764,-0.8307642,-1.5407642,-3.340764,-5.3107643,-2.820764,-0.9507642,-2.1607642,-0.7607642,-1.3307642,-1.9507642,-0.86076415,-2.9707642,-4.0607643,-4.650764,-4.900764,-4.200764,-3.6607642,-2.9207642,-2.310764,-4.660764,-6.0607643,6.239236,2.3392358,2.4892359,0.84923583,-0.35076416,0.78923583,1.9392358,0.51923585,-7.641602E-4,0.68923587,-1.9407642,-1.7507641,-0.9507642,-4.5407643,-3.9407642,-3.6007643,-4.530764,-5.440764,-6.400764,-7.400764,-7.0607643,-6.010764,-5.090764,-5.320764
-3.7207642,-4.530764,-5.570764,-7.1207643,-8.340764,-8.580764,-9.260764,-8.790764,-8.490765,-8.080764,-8.520764,-7.530764,-6.200764,-2.580764,-1.8407642,-5.210764,-3.6707642,-1.4807642,-2.820764,-0.97076416,0.36923584,-2.1307642,-2.030764,-3.1207643,-2.7207642,-3.1107643,-4.490764,-5.260764,-2.770764,-2.6307642,-2.4607642,-1.6407641,-1.4107642,8.789236,7.699236,7.619236,5.739236,3.0592358,2.3192358,4.069236,3.8192358,1.7492359,0.8092358,-0.9407642,-2.2107642,-4.0407643,-1.7407641,-1.7007642,-3.4107642,-2.6807642,-4.240764,-5.3707643,-5.470764,-6.200764,-5.430764,-6.5007644,-5.660764,-5.930764
-3.4707642,-5.050764,-6.5807643,-7.070764,-7.3707643,-8.320765,-8.500764,-9.050764,-8.980764,-8.010764,-8.450764,-7.3107643,-5.970764,-3.9207642,-4.670764,-0.8207642,-7.320764,-3.2107642,-0.72076416,-0.14076416,-0.5707642,-0.79076415,-1.4707642,-3.9007642,-4.430764,-4.720764,-1.1507641,-9.560764,-6.920764,-3.790764,-2.4807642,1.3592359,10.599236,9.049236,7.909236,8.039236,7.759236,6.549236,5.059236,4.099236,3.5692358,2.939236,1.5292358,-0.8307642,-3.2207642,-4.190764,-1.8007642,-1.4607642,-3.310764,-2.3807642,-3.800764,-3.6607642,-5.3307643,-5.210764,-4.800764,-5.2707644,-4.760764,-5.130764
-4.690764,-6.050764,-7.010764,-7.400764,-8.140764,-8.190764,-8.270764,-7.930764,-7.950764,-8.450764,-7.260764,-7.0207644,-7.180764,-6.720764,-2.270764,-6.780764,-5.610764,-5.710764,-1.4007641,-0.18076415,0.42923585,-2.330764,-2.6007643,-4.990764,-3.6407642,-5.430764,-1.8007642,-2.2107642,-6.5607643,-4.8107643,-2.830764,2.2592359,8.729236,7.809236,7.869236,7.039236,6.889236,5.659236,4.2692356,4.159236,3.219236,2.2492359,0.64923584,-0.80076414,-1.9007641,-3.5007641,-1.0707642,-2.080764,-2.7507641,-1.9007641,-3.300764,-3.9207642,-4.710764,-5.170764,-5.0207644,-5.470764,-5.200764,-5.510764
-5.2707644,-6.1207643,-7.200764,-7.840764,-7.530764,-7.6207643,-7.010764,-7.7707644,-7.630764,-7.030764,-8.100764,-7.880764,-7.890764,-6.760764,-3.6507642,-1.1407641,-2.5007641,-9.850764,-5.7307644,-2.090764,0.37923583,0.52923584,-0.54076415,-3.9107642,-2.810764,-4.130764,-4.070764,-2.830764,-4.5607643,-7.390764,-5.400764,5.529236,6.679236,6.869236,6.949236,5.9792356,6.199236,4.969236,4.2092357,3.2592359,2.659236,2.209236,0.6192358,-0.27076417,-1.4307642,-1.7407641,-2.590764,-7.641602E-4,-0.38076416,-1.8607641,-3.2407641,-3.4907641,-3.3607643,-4.260764,-4.590764,-4.970764,-5.190764,-5.190764
-5.510764,-7.010764,-7.260764,-7.0807643,-6.7707644,-6.430764,-6.960764,-6.420764,-5.940764,-7.490764,-7.4807644,-6.2907643,-6.3507643,-6.740764,-5.180764,-0.55076414,-1.3807641,-3.070764,-6.340764,-4.4807644,-1.1107641,0.5592358,-0.17076416,-1.5807642,-4.7507644,-6.150764,-2.9307642,-4.220764,-0.96076417,-5.6007643,-2.570764,5.2492356,6.279236,5.349236,5.029236,5.1692357,5.4192357,4.309236,3.7892358,2.939236,2.679236,1.4392358,0.14923584,-0.68076414,-1.2607641,-2.3707643,-2.280764,-1.7807641,-2.8607643,-3.4907641,-1.9807642,-2.7207642,-3.0107641,-3.4707642,-4.1007643,-4.7907643,-5.420764,-5.2307644
-5.510764,-6.7307644,-6.670764,-6.050764,-6.700764,-6.440764,-6.320764,-6.5007644,-7.050764,-6.930764,-5.960764,-5.930764,-6.0607643,-4.970764,-3.330764,-1.8307642,-0.5807642,-0.6307642,-2.9307642,-5.440764,-4.070764,-1.7507641,0.15923584,-1.7807641,-2.9707642,-3.7607641,-3.570764,-3.4707642,-2.2607641,-3.6407642,2.2792358,3.659236,5.0192356,4.869236,4.139236,4.239236,4.159236,3.8292358,2.9892359,2.3792357,1.7592359,1.0892358,0.81923586,-0.26076415,-1.0807642,-1.7907642,-3.290764,-4.0807643,-1.0607642,-2.330764,-2.5007641,-3.280764,-3.090764,-3.1207643,-3.4507642,-4.430764,-4.450764,-4.820764
-5.900764,-5.960764,-5.670764,-6.530764,-6.380764,-6.5807643,-7.4807644,-7.950764,-7.150764,-5.910764,-4.320764,-4.2907643,-5.030764,-3.9307642,-3.7207642,-4.0607643,-3.6807642,-5.190764,0.33923584,-8.470764,-6.070764,-3.6607642,-0.20076416,0.58923584,2.1392357,-2.320764,-4.5807643,-4.6207643,-3.7407641,-1.2207642,0.10923584,3.709236,5.449236,5.799236,5.539236,4.349236,2.8992357,2.0492358,1.3892359,1.6292359,1.2292359,0.53923583,-1.1007642,-2.0107641,-3.1207643,-1.7007642,-2.1207643,-1.1607642,-1.8407642,-2.2407641,-2.820764,-3.3707643,-3.3607643,-3.2107642,-3.070764,-3.580764,-4.630764,-5.570764
-3.8707643,-5.2707644,-5.800764,-6.190764,-6.590764,-7.110764,-8.080764,-7.3107643,-5.880764,-4.9807644,-5.2307644,-5.150764,-4.590764,-4.050764,-3.6107643,-3.4307642,-3.7007642,-3.4707642,-1.5707642,-5.5407643,-5.0207644,-3.4507642,-2.290764,1.1392359,-0.05076416,0.95923585,-0.47076416,1.2792358,2.0292358,-0.36076415,0.14923584,3.5892358,4.869236,5.529236,4.199236,2.5392358,1.3992358,-0.5807642,-0.37076417,-0.19076416,-0.02076416,0.49923584,-0.23076417,-1.8307642,0.5592358,-0.9507642,-0.68076414,-1.7007642,-1.1707642,-3.320764,-1.9807642,-3.340764,-3.4907641,-3.1307642,-4.900764,-4.950764,-5.610764,-6.8107643
-3.8707643,-4.5407643,-6.430764,-6.590764,-7.0607643,-7.260764,-7.0807643,-6.400764,-5.2507644,-4.820764,-3.9207642,-4.430764,-4.6207643,-4.2307644,-3.790764,-3.6707642,-3.590764,-3.6707642,-2.9207642,-3.820764,-3.530764,-2.7307642,-1.7107642,-0.14076416,-1.7307642,-2.2107642,-1.7207642,-1.7807641,-1.2407641,-0.85076416,-0.13076416,4.369236,5.469236,4.8992357,3.469236,2.429236,-0.34076416,-3.4107642,-1.4907641,-1.1107641,-0.72076416,-0.47076416,-1.4907641,-1.8007642,-2.3707643,-2.9207642,-0.03076416,-0.78076416,-3.780764,-5.0407643,-2.4707642,-2.9407642,-1.8107642,-2.6207643,-3.590764,-3.6807642,-3.7307642,-3.030764
-4.0407643,-4.530764,-5.5607643,-6.3307643,-6.550764,-6.680764,-6.820764,-6.320764,-4.7307644,-4.2707644,-3.6307642,-3.6307642,-3.3807642,-3.2107642,-3.1207643,-3.2007642,-3.1207643,-2.4907641,-1.8807641,-1.8607641,-2.1407642,-2.7407641,-3.4207642,0.27923584,2.1192358,1.7892358,0.6792358,3.3592358,1.6592358,-4.2707644,0.36923584,0.13923584,3.459236,2.919236,1.6892358,-0.07076416,-2.570764,-5.6207643,-0.91076416,0.59923583,-0.21076415,-3.1307642,-2.8907642,-3.1807642,-2.820764,-3.1207643,0.37923583,-0.37076417,-2.4707642,-5.090764,-6.180764,-1.2907642,-0.91076416,-2.520764,-5.200764,-3.2607641,-3.9007642,-1.7307642
-3.820764,-4.700764,-5.2907643,-5.280764,-5.170764,-5.5607643,-5.220764,-4.8307643,-4.7507644,-4.090764,-4.170764,-4.550764,-3.9807642,-3.0107641,-3.1707642,-2.4307642,-2.4607642,-1.4107642,-1.7707641,-2.7607641,-2.820764,-3.8707643,-3.8507643,-4.150764,0.96923584,0.9292358,0.9792358,2.1192358,-0.06076416,0.9192358,2.7992358,0.29923585,-0.11076416,0.56923586,-1.4607642,-2.790764,-3.8907642,-1.3907641,0.31923583,-0.27076417,-1.1607642,-0.72076416,2.159236,1.0792358,0.09923584,0.08923584,0.17923585,-1.6407641,-3.9907641,-4.010764,-2.9907641,-1.1507641,-0.42076415,-3.1007643,-5.6207643,-2.5007641,-1.6807642,-0.31076416
-4.740764,-4.630764,-5.090764,-5.460764,-5.910764,-5.6007643,-5.320764,-5.170764,-5.0407643,-4.800764,-4.3107643,-4.360764,-3.9307642,-3.3707643,-3.570764,-3.1907642,-2.7507641,-2.310764,-2.3507643,-3.080764,-2.800764,-3.3607643,-4.010764,-3.9107642,-3.030764,-1.2607641,1.3292358,0.71923584,1.4592358,2.5292358,2.2692358,-0.46076417,0.07923584,-0.6407642,-0.87076414,-1.3007642,-1.7607641,-1.2507641,-0.53076416,-0.6907642,1.2192359,0.83923584,0.53923583,-0.6907642,-0.61076415,-0.91076416,-1.2807641,-2.9007642,-4.340764,-5.430764,-0.71076417,-2.1707642,-5.3707643,-4.180764,-1.3307642,0.44923583,-1.0507642,-1.0207641
-4.410764,-4.590764,-5.160764,-5.380764,-5.0407643,-5.2907643,-5.910764,-6.260764,-5.660764,-4.940764,-4.5207644,-3.7307642,-3.8507643,-4.130764,-3.840764,-2.4807642,-2.6007643,-2.1707642,-2.3507643,-3.1207643,-3.4607642,-4.160764,-4.3107643,-4.050764,-2.9007642,-2.050764,-1.0507642,-1.4007641,0.49923584,0.82923585,0.12923583,0.33923584,-0.39076415,-1.1307641,-1.0507642,0.30923584,-0.71076417,-7.641602E-4,0.50923586,-0.37076417,-0.65076417,0.04923584,-0.8307642,-0.97076416,0.21923584,-1.6007642,-2.540764,-3.3507643,-3.9707642,-3.060764,-0.8307642,-2.3907642,-3.4507642,-2.840764,-2.550764,-1.3907641,-0.98076415,0.59923583
-4.470764,-4.8707643,-4.3507643,-4.910764,-5.4807644,-5.3707643,-4.720764,-4.320764,-4.450764,-4.320764,-3.9607642,-3.560764,-2.810764,-2.9807642,-2.790764,-3.1007643,-2.9707642,-3.060764,-2.7607641,-4.280764,-4.010764,-3.6207643,-4.9807644,-4.0407643,-3.6307642,-2.6007643,-1.3807641,-0.37076417,-0.29076415,-0.71076417,-0.28076416,0.49923584,0.93923587,3.429236,2.3992357,1.5192358,-0.26076415,0.31923583,0.69923586,-0.08076416,-1.1807642,-0.23076417,-0.24076416,1.5192358,0.16923584,-1.7707641,-3.4607642,-3.1507642,-3.1207643,-2.9407642,-3.4807642,-3.040764,-3.2507641,-4.650764,-0.72076416,-2.790764,-2.570764,-1.1307641
-4.5807643,-4.160764,-4.460764,-4.550764,-4.490764,-4.5207644,-4.5407643,-4.950764,-5.210764,-4.680764,-4.4807644,-3.8607643,-3.2307642,-3.5007641,-3.280764,-3.7307642,-3.280764,-3.770764,-4.910764,-5.650764,-6.150764,-5.3707643,-5.030764,-4.9807644,-3.790764,-2.4907641,-1.7007642,-1.6107641,-1.4007641,-1.3907641,-1.2707641,-1.1907642,2.0692358,0.02923584,2.3992357,2.229236,-0.08076416,0.99923587,-0.8807642,-0.73076415,-1.1307641,-0.92076415,-0.99076414,-0.87076414,-1.2707641,-2.6007643,-2.6807642,-2.310764,-3.060764,-3.9407642,-4.200764,-3.3507643,-4.7707644,-3.6307642,-1.8207642,-1.6307641,-1.3207642,-2.7507641
-4.140764,-4.410764,-4.2707644,-4.220764,-4.300764,-5.1207643,-5.7907643,-5.280764,-4.1007643,-3.9307642,-4.700764,-4.860764,-4.2507644,-3.8807642,-3.790764,-3.9907641,-3.330764,-4.440764,-5.630764,-5.930764,-3.8707643,-3.1307642,-2.4407642,-2.590764,-2.6207643,-3.310764,-3.580764,-3.090764,-2.4307642,-2.290764,-2.040764,-1.4307642,-1.2707641,-2.300764,1.1992358,0.9192358,0.77923584,1.2992358,0.75923586,0.43923584,-0.10076416,-0.37076417,0.03923584,-0.66076416,-0.71076417,-2.8907642,-2.9207642,-3.5007641,-4.7507644,-5.160764,-4.110764,-4.200764,-4.4807644,-3.1407642,-2.4507642,-2.6607642,-2.590764,-2.2307642
-4.700764,-5.2707644,-4.940764,-4.550764,-4.300764,-4.470764,-3.810764,-3.560764,-4.280764,-3.6607642,-4.3707643,-4.550764,-3.8607643,-3.9807642,-4.630764,-4.4807644,-4.910764,-5.700764,-5.890764,-4.220764,-3.4107642,-1.6707642,-0.72076416,-1.0707642,-1.4707642,-3.5007641,-3.7407641,-3.1007643,-2.320764,-1.7507641,-2.2007642,-2.590764,-4.130764,-2.310764,-0.11076416,-0.5707642,-0.38076416,0.28923583,2.1392357,1.2592359,1.5892358,-0.65076417,-1.4207642,-1.7007642,-0.9407642,-2.090764,-4.680764,-4.900764,-4.3307643,-3.6307642,-4.440764,-4.2907643,-3.6407642,-3.4807642,-3.5007641,-3.4307642,-1.6707642,-1.0007641
